1391
32 51 52 54 57 58 59 60 61 62 64 65 66 69 70 71 72 78 79 83 84 86 87 89 90 91 92 94 95 96 98 99 100
20 53 55 62 63 68 71 72 76 77 78 81 82 84 85 86 89 90 92 98 99
24 52 59 62 63 65 66 67 68 71 73 74 79 80 82 83 84 85 86 89 90 93 95 96 98
25 51 52 53 54 57 60 61 64 65 67 71 73 75 78 80 84 85 88 89 90 91 93 95 98 100
23 53 54 55 57 58 59 69 71 72 73 76 77 78 81 82 85 87 88 89 90 91 97 98
23 51 54 55 56 60 62 65 68 70 74 77 78 82 83 85 86 87 88 90 91 93 95 97
20 53 60 62 67 68 69 72 75 76 78 84 86 87 88 90 91 93 94 96 98
25 52 53 54 56 57 60 61 62 69 70 71 72 74 77 78 79 83 86 87 89 96 97 98 99 100
17 53 54 56 58 59 61 79 80 84 85 88 91 94 96 97 98 99
22 52 56 58 60 63 64 65 68 69 70 73 74 76 78 80 83 88 91 96 98 99 100
22 52 53 54 55 58 61 62 63 66 69 73 74 75 80 82 84 86 88 89 94 97 98
24 51 52 59 60 61 62 63 66 68 69 70 73 74 75 78 80 81 82 86 92 93 94 95 96
22 54 55 59 60 63 64 65 66 68 69 75 78 79 81 86 88 90 93 94 95 97 100
23 51 52 54 59 62 63 68 69 72 74 77 79 82 83 84 86 87 89 90 95 96 97 100
24 52 53 56 59 60 62 64 66 68 69 70 72 75 76 77 79 80 82 85 86 88 95 98 100
19 51 57 58 61 66 69 74 82 83 84 86 89 90 91 94 95 97 98 99
24 51 53 55 58 60 62 64 65 66 67 71 72 74 80 81 82 83 87 89 91 94 98 99 100
25 52 53 54 58 59 61 62 65 67 69 71 72 73 74 80 82 83 84 85 89 90 91 93 95 96
27 55 57 59 61 62 63 69 70 71 72 73 74 76 77 78 79 80 81 82 83 85 86 90 91 97 98 100
33 52 54 55 56 57 58 61 63 64 65 67 68 69 70 71 72 73 77 79 80 81 84 85 86 88 89 91 92 93 94 96 97 100
30 51 52 54 55 57 58 59 61 62 63 68 70 72 73 75 76 77 79 80 82 85 87 88 89 92 94 95 96 97 99
23 52 53 55 58 59 62 64 65 67 68 69 72 74 77 79 80 83 85 89 94 95 98 99
26 53 54 55 56 60 61 63 65 66 68 70 76 77 79 80 81 84 85 87 89 90 93 95 96 98 100
26 51 52 53 58 59 63 67 68 70 71 73 74 75 76 77 78 79 81 82 89 92 94 97 98 99 100
24 53 55 56 58 61 63 64 65 66 68 69 70 71 74 75 76 82 89 91 92 94 97 99 100
23 51 54 55 56 58 62 64 66 69 71 73 74 75 79 80 83 86 87 90 91 94 95 98
23 51 52 53 54 56 58 61 62 67 69 73 77 78 80 84 86 89 91 92 94 97 98 99
19 53 58 59 60 61 65 66 68 69 70 75 80 81 83 87 89 91 93 99
18 53 62 64 65 66 69 70 71 74 79 80 82 84 89 92 94 98 100
30 52 54 55 56 57 59 61 62 63 64 65 66 67 69 70 71 72 75 79 80 81 83 87 89 92 94 95 97 99 100
26 56 57 58 60 61 63 65 67 68 69 70 71 72 73 78 80 83 84 86 88 91 93 94 97 98 100
22 51 53 58 59 60 61 62 64 66 67 69 71 72 77 78 80 82 83 85 88 90 98
22 51 52 53 54 60 61 62 64 66 67 68 71 74 76 77 81 83 84 85 90 93 97
20 54 56 57 61 62 63 67 70 72 73 74 75 76 79 80 84 93 95 96 97
28 51 53 56 58 59 61 62 63 67 68 69 70 71 72 75 81 82 83 84 85 87 88 91 92 93 94 95 98
23 52 53 54 59 64 65 68 69 71 72 73 76 77 78 79 80 81 82 83 90 95 97 99
29 51 54 55 56 57 59 60 63 65 67 71 72 73 74 76 79 80 81 84 85 86 87 88 90 96 97 98 99 100
26 52 53 58 59 60 61 62 66 68 69 70 71 76 77 80 81 83 84 85 88 89 90 92 94 95 97
26 51 52 53 55 57 61 64 65 69 72 73 75 79 81 82 83 85 86 87 88 91 92 93 95 96 99
26 52 54 55 57 63 65 68 69 70 71 74 76 77 79 80 81 84 85 87 90 92 93 94 95 96 100
23 58 59 60 65 66 69 72 73 74 78 80 82 83 84 85 87 88 89 90 92 93 97 98
23 51 52 56 58 60 61 63 64 66 67 69 72 73 74 79 80 82 83 89 93 97 98 100
28 51 55 56 57 58 61 63 65 66 69 70 72 73 74 76 77 78 80 81 82 84 87 88 89 90 95 97 99
29 54 55 56 57 58 59 63 65 67 68 70 73 74 75 76 77 80 82 83 84 86 88 89 91 95 96 97 98 99
28 53 54 56 57 58 59 62 64 66 67 68 71 74 75 76 80 81 82 83 86 90 91 93 94 96 98 99 100
17 52 55 57 58 59 62 65 66 69 72 74 76 87 91 92 95 99
30 52 53 55 57 58 59 60 61 64 65 66 67 68 69 71 75 76 77 82 84 85 87 88 90 92 93 96 97 98 99
17 51 52 55 56 62 65 66 72 77 78 79 83 86 88 89 94 99
25 54 55 56 57 58 64 66 67 68 70 72 73 75 77 78 80 81 86 87 88 90 92 94 98 100
22 52 54 56 57 58 62 63 67 69 77 78 79 80 84 85 88 89 90 91 93 99 100
19 1 4 6 12 14 16 17 21 24 26 27 32 33 35 37 39 42 43 48
26 1 3 4 8 10 11 12 14 15 18 20 21 22 24 27 30 33 36 38 39 40 42 46 47 48 50
25 2 4 5 7 8 9 11 15 17 18 22 23 24 25 27 28 29 32 33 35 36 38 39 45 47
25 1 4 5 6 8 9 11 13 14 18 20 21 23 26 27 30 33 34 36 37 40 44 45 49 50
23 2 5 6 11 13 17 19 20 21 22 23 25 26 30 37 39 40 43 44 46 47 48 49
22 6 8 9 10 15 20 23 25 26 27 30 31 34 35 37 42 43 44 45 48 49 50
21 1 4 5 8 16 19 20 21 30 31 34 37 39 40 43 44 45 46 47 49 50
29 1 5 9 10 11 16 17 18 20 21 22 24 25 26 27 28 31 32 35 38 41 42 43 44 45 46 47 49 50
25 1 3 5 9 12 13 14 15 18 19 21 22 24 28 30 32 35 36 37 38 41 44 45 46 47
20 1 4 6 7 8 10 12 13 15 17 23 28 31 32 33 37 38 41 42 47
26 1 4 8 9 11 12 16 18 19 20 21 23 25 27 28 30 31 32 33 34 35 38 39 42 43 47
28 1 2 3 6 7 8 11 12 14 15 17 18 19 21 22 26 27 29 30 32 33 34 35 38 45 46 48 50
23 2 3 10 11 12 13 14 19 20 21 23 24 25 30 31 34 35 37 40 42 43 44 50
20 1 4 10 13 15 17 20 22 25 26 29 30 32 33 36 39 42 45 47 49
26 1 3 4 6 10 13 17 18 20 22 23 25 28 29 30 31 36 37 39 40 41 43 44 46 47 48
25 1 3 11 12 13 15 16 17 23 25 26 28 29 30 32 33 38 41 42 43 45 46 47 48 49
22 3 4 7 17 18 20 22 24 27 30 31 32 33 34 35 37 42 44 45 47 49 50
26 2 3 6 7 10 12 13 14 15 20 21 22 23 24 25 28 31 33 35 36 38 40 44 45 47 49
34 1 5 7 8 10 11 12 13 14 15 16 18 19 20 22 25 26 27 28 29 30 31 32 35 36 38 39 40 41 42 43 46 47 50
23 1 6 8 10 12 15 19 20 21 23 24 25 28 29 30 31 34 35 38 40 43 44 49
25 1 2 3 4 5 8 17 18 19 20 24 25 26 29 30 31 32 33 35 36 37 38 40 45 47
27 1 2 5 7 8 14 15 17 18 19 20 21 22 30 31 32 34 35 36 37 39 41 42 43 46 48 49
23 3 4 5 10 11 12 18 19 20 21 24 26 27 31 34 36 37 39 41 42 43 44 49
26 3 6 8 10 11 12 14 16 17 18 19 22 24 25 26 29 33 34 37 40 41 42 43 44 45 46
19 4 7 11 12 13 15 21 24 25 26 28 30 34 35 39 44 45 47 49
21 2 5 7 10 15 19 21 23 24 25 33 34 36 37 38 40 43 44 45 46 47
24 2 5 6 8 14 15 19 20 21 22 23 24 27 32 33 36 38 40 43 44 47 48 49 50
21 1 2 4 5 6 7 8 10 12 13 19 24 27 31 32 36 41 43 48 49 50
24 1 3 8 9 13 14 15 19 20 21 22 23 24 26 29 30 34 36 37 39 40 42 48 50
33 3 4 9 10 11 12 15 17 18 19 20 21 22 23 26 27 28 29 30 31 32 34 36 37 38 40 41 42 43 44 45 49 50
21 2 5 12 13 17 19 20 23 24 28 30 33 35 36 37 38 39 40 43 45 49
26 2 3 5 6 11 12 14 15 16 17 18 19 21 24 25 29 32 35 36 39 41 42 43 44 45 47
26 1 3 6 8 10 14 16 17 18 19 22 26 28 30 31 32 33 35 36 38 39 41 42 44 45 48
26 1 2 3 4 7 9 11 14 16 18 20 23 27 29 31 33 34 35 37 38 40 41 43 44 47 50
23 2 3 4 5 6 9 15 18 19 20 21 22 23 32 33 35 37 38 39 40 41 47 50
23 1 2 3 6 7 8 11 12 13 14 15 16 19 20 26 27 31 37 39 44 45 48 49
21 1 5 6 7 8 14 17 21 23 26 28 30 35 37 39 40 41 43 46 47 49
24 4 5 6 7 9 10 11 13 15 20 21 31 32 35 37 38 39 41 43 44 47 48 49 50
28 1 2 3 4 5 8 11 14 16 17 18 20 21 22 23 24 25 27 28 29 30 38 41 42 43 44 48 50
26 1 2 3 4 5 6 7 13 14 16 18 19 23 26 32 33 36 37 38 40 41 43 45 47 49 50
23 1 4 5 6 7 9 10 16 17 18 19 20 25 26 27 28 31 35 39 44 45 46 50
18 1 2 12 20 21 24 25 27 29 30 35 38 39 40 41 46 47 49
21 3 4 6 7 12 13 18 20 23 28 31 33 34 35 39 40 41 42 45 47 50
24 1 7 9 11 12 13 16 17 20 21 22 24 25 26 27 29 30 31 35 38 40 45 48 49
24 1 3 4 6 12 13 14 15 16 18 21 22 23 26 30 34 35 36 38 39 40 43 44 46
19 1 3 7 8 9 10 12 14 18 20 21 23 34 37 39 40 44 45 47
26 5 6 8 9 11 13 14 16 19 20 21 24 25 27 30 31 33 34 36 37 38 41 42 43 44 47
30 1 2 3 4 5 7 8 9 10 11 15 16 17 19 22 23 24 26 27 29 31 32 35 37 41 42 44 45 47 49
24 1 2 8 9 10 16 17 21 22 24 25 27 28 30 36 37 39 43 44 45 46 47 48 50
22 1 4 8 10 13 14 15 17 19 20 23 24 25 29 30 31 37 40 42 45 49 50
1 110
2 101 152
1 102
2 103 154
1 104
2 105 156
1 106
2 107 158
1 108
2 109 160
2 101 120
1 111
2 103 112
1 113
2 105 114
1 115
2 107 116
1 117
2 109 118
1 119
1 130
2 112 121
1 122
2 114 123
1 124
2 116 125
1 126
2 118 127
1 128
2 120 129
2 121 140
1 131
2 123 132
1 133
2 125 134
1 135
2 127 136
1 137
2 129 138
1 139
1 150
2 132 141
1 142
2 134 143
1 144
2 136 145
1 146
2 138 147
1 148
2 140 149
2 141 160
1 151
2 143 152
1 153
2 145 154
1 155
2 147 156
1 157
2 149 158
1 159
3 1 162 181
3 161 163 182
3 162 164 183
3 163 165 184
3 164 166 185
3 165 167 186
3 166 168 187
3 167 169 188
3 168 170 189
3 169 171 190
3 170 172 191
3 171 173 192
3 172 174 193
3 173 175 194
3 174 176 195
3 175 177 196
3 176 178 197
3 177 179 198
3 178 180 199
2 179 200
2 161 182
3 162 181 183
3 163 182 184
3 164 183 185
3 165 184 186
3 166 185 187
3 167 186 188
3 168 187 189
3 169 188 190
3 170 189 191
3 171 190 192
3 172 191 193
3 173 192 194
3 174 193 195
3 175 194 196
3 176 195 197
3 177 196 198
3 178 197 199
3 179 198 200
2 180 199
80 221 222 223 224 225 226 227 228 229 230 231 232 233 234 235 236 237 238 239 240 241 242 243 244 245 246 247 248 249 250 251 252 253 254 255 256 257 258 259 260 261 262 263 264 265 266 267 268 269 270 271 272 273 274 275 276 277 278 279 280 281 282 283 284 285 286 287 288 289 290 291 292 293 294 295 296 297 298 299 300
80 221 222 223 224 225 226 227 228 229 230 231 232 233 234 235 236 237 238 239 240 241 242 243 244 245 246 247 248 249 250 251 252 253 254 255 256 257 258 259 260 261 262 263 264 265 266 267 268 269 270 271 272 273 274 275 276 277 278 279 280 281 282 283 284 285 286 287 288 289 290 291 292 293 294 295 296 297 298 299 300
80 221 222 223 224 225 226 227 228 229 230 231 232 233 234 235 236 237 238 239 240 241 242 243 244 245 246 247 248 249 250 251 252 253 254 255 256 257 258 259 260 261 262 263 264 265 266 267 268 269 270 271 272 273 274 275 276 277 278 279 280 281 282 283 284 285 286 287 288 289 290 291 292 293 294 295 296 297 298 299 300
80 221 222 223 224 225 226 227 228 229 230 231 232 233 234 235 236 237 238 239 240 241 242 243 244 245 246 247 248 249 250 251 252 253 254 255 256 257 258 259 260 261 262 263 264 265 266 267 268 269 270 271 272 273 274 275 276 277 278 279 280 281 282 283 284 285 286 287 288 289 290 291 292 293 294 295 296 297 298 299 300
80 221 222 223 224 225 226 227 228 229 230 231 232 233 234 235 236 237 238 239 240 241 242 243 244 245 246 247 248 249 250 251 252 253 254 255 256 257 258 259 260 261 262 263 264 265 266 267 268 269 270 271 272 273 274 275 276 277 278 279 280 281 282 283 284 285 286 287 288 289 290 291 292 293 294 295 296 297 298 299 300
80 221 222 223 224 225 226 227 228 229 230 231 232 233 234 235 236 237 238 239 240 241 242 243 244 245 246 247 248 249 250 251 252 253 254 255 256 257 258 259 260 261 262 263 264 265 266 267 268 269 270 271 272 273 274 275 276 277 278 279 280 281 282 283 284 285 286 287 288 289 290 291 292 293 294 295 296 297 298 299 300
80 221 222 223 224 225 226 227 228 229 230 231 232 233 234 235 236 237 238 239 240 241 242 243 244 245 246 247 248 249 250 251 252 253 254 255 256 257 258 259 260 261 262 263 264 265 266 267 268 269 270 271 272 273 274 275 276 277 278 279 280 281 282 283 284 285 286 287 288 289 290 291 292 293 294 295 296 297 298 299 300
80 221 222 223 224 225 226 227 228 229 230 231 232 233 234 235 236 237 238 239 240 241 242 243 244 245 246 247 248 249 250 251 252 253 254 255 256 257 258 259 260 261 262 263 264 265 266 267 268 269 270 271 272 273 274 275 276 277 278 279 280 281 282 283 284 285 286 287 288 289 290 291 292 293 294 295 296 297 298 299 300
80 221 222 223 224 225 226 227 228 229 230 231 232 233 234 235 236 237 238 239 240 241 242 243 244 245 246 247 248 249 250 251 252 253 254 255 256 257 258 259 260 261 262 263 264 265 266 267 268 269 270 271 272 273 274 275 276 277 278 279 280 281 282 283 284 285 286 287 288 289 290 291 292 293 294 295 296 297 298 299 300
80 221 222 223 224 225 226 227 228 229 230 231 232 233 234 235 236 237 238 239 240 241 242 243 244 245 246 247 248 249 250 251 252 253 254 255 256 257 258 259 260 261 262 263 264 265 266 267 268 269 270 271 272 273 274 275 276 277 278 279 280 281 282 283 284 285 286 287 288 289 290 291 292 293 294 295 296 297 298 299 300
80 221 222 223 224 225 226 227 228 229 230 231 232 233 234 235 236 237 238 239 240 241 242 243 244 245 246 247 248 249 250 251 252 253 254 255 256 257 258 259 260 261 262 263 264 265 266 267 268 269 270 271 272 273 274 275 276 277 278 279 280 281 282 283 284 285 286 287 288 289 290 291 292 293 294 295 296 297 298 299 300
80 221 222 223 224 225 226 227 228 229 230 231 232 233 234 235 236 237 238 239 240 241 242 243 244 245 246 247 248 249 250 251 252 253 254 255 256 257 258 259 260 261 262 263 264 265 266 267 268 269 270 271 272 273 274 275 276 277 278 279 280 281 282 283 284 285 286 287 288 289 290 291 292 293 294 295 296 297 298 299 300
80 221 222 223 224 225 226 227 228 229 230 231 232 233 234 235 236 237 238 239 240 241 242 243 244 245 246 247 248 249 250 251 252 253 254 255 256 257 258 259 260 261 262 263 264 265 266 267 268 269 270 271 272 273 274 275 276 277 278 279 280 281 282 283 284 285 286 287 288 289 290 291 292 293 294 295 296 297 298 299 300
80 221 222 223 224 225 226 227 228 229 230 231 232 233 234 235 236 237 238 239 240 241 242 243 244 245 246 247 248 249 250 251 252 253 254 255 256 257 258 259 260 261 262 263 264 265 266 267 268 269 270 271 272 273 274 275 276 277 278 279 280 281 282 283 284 285 286 287 288 289 290 291 292 293 294 295 296 297 298 299 300
80 221 222 223 224 225 226 227 228 229 230 231 232 233 234 235 236 237 238 239 240 241 242 243 244 245 246 247 248 249 250 251 252 253 254 255 256 257 258 259 260 261 262 263 264 265 266 267 268 269 270 271 272 273 274 275 276 277 278 279 280 281 282 283 284 285 286 287 288 289 290 291 292 293 294 295 296 297 298 299 300
80 221 222 223 224 225 226 227 228 229 230 231 232 233 234 235 236 237 238 239 240 241 242 243 244 245 246 247 248 249 250 251 252 253 254 255 256 257 258 259 260 261 262 263 264 265 266 267 268 269 270 271 272 273 274 275 276 277 278 279 280 281 282 283 284 285 286 287 288 289 290 291 292 293 294 295 296 297 298 299 300
80 221 222 223 224 225 226 227 228 229 230 231 232 233 234 235 236 237 238 239 240 241 242 243 244 245 246 247 248 249 250 251 252 253 254 255 256 257 258 259 260 261 262 263 264 265 266 267 268 269 270 271 272 273 274 275 276 277 278 279 280 281 282 283 284 285 286 287 288 289 290 291 292 293 294 295 296 297 298 299 300
80 221 222 223 224 225 226 227 228 229 230 231 232 233 234 235 236 237 238 239 240 241 242 243 244 245 246 247 248 249 250 251 252 253 254 255 256 257 258 259 260 261 262 263 264 265 266 267 268 269 270 271 272 273 274 275 276 277 278 279 280 281 282 283 284 285 286 287 288 289 290 291 292 293 294 295 296 297 298 299 300
80 221 222 223 224 225 226 227 228 229 230 231 232 233 234 235 236 237 238 239 240 241 242 243 244 245 246 247 248 249 250 251 252 253 254 255 256 257 258 259 260 261 262 263 264 265 266 267 268 269 270 271 272 273 274 275 276 277 278 279 280 281 282 283 284 285 286 287 288 289 290 291 292 293 294 295 296 297 298 299 300
80 221 222 223 224 225 226 227 228 229 230 231 232 233 234 235 236 237 238 239 240 241 242 243 244 245 246 247 248 249 250 251 252 253 254 255 256 257 258 259 260 261 262 263 264 265 266 267 268 269 270 271 272 273 274 275 276 277 278 279 280 281 282 283 284 285 286 287 288 289 290 291 292 293 294 295 296 297 298 299 300
80 201 202 203 204 205 206 207 208 209 210 211 212 213 214 215 216 217 218 219 220 241 242 243 244 245 246 247 248 249 250 251 252 253 254 255 256 257 258 259 260 261 262 263 264 265 266 267 268 269 270 271 272 273 274 275 276 277 278 279 280 281 282 283 284 285 286 287 288 289 290 291 292 293 294 295 296 297 298 299 300
80 201 202 203 204 205 206 207 208 209 210 211 212 213 214 215 216 217 218 219 220 241 242 243 244 245 246 247 248 249 250 251 252 253 254 255 256 257 258 259 260 261 262 263 264 265 266 267 268 269 270 271 272 273 274 275 276 277 278 279 280 281 282 283 284 285 286 287 288 289 290 291 292 293 294 295 296 297 298 299 300
80 201 202 203 204 205 206 207 208 209 210 211 212 213 214 215 216 217 218 219 220 241 242 243 244 245 246 247 248 249 250 251 252 253 254 255 256 257 258 259 260 261 262 263 264 265 266 267 268 269 270 271 272 273 274 275 276 277 278 279 280 281 282 283 284 285 286 287 288 289 290 291 292 293 294 295 296 297 298 299 300
80 201 202 203 204 205 206 207 208 209 210 211 212 213 214 215 216 217 218 219 220 241 242 243 244 245 246 247 248 249 250 251 252 253 254 255 256 257 258 259 260 261 262 263 264 265 266 267 268 269 270 271 272 273 274 275 276 277 278 279 280 281 282 283 284 285 286 287 288 289 290 291 292 293 294 295 296 297 298 299 300
80 201 202 203 204 205 206 207 208 209 210 211 212 213 214 215 216 217 218 219 220 241 242 243 244 245 246 247 248 249 250 251 252 253 254 255 256 257 258 259 260 261 262 263 264 265 266 267 268 269 270 271 272 273 274 275 276 277 278 279 280 281 282 283 284 285 286 287 288 289 290 291 292 293 294 295 296 297 298 299 300
80 201 202 203 204 205 206 207 208 209 210 211 212 213 214 215 216 217 218 219 220 241 242 243 244 245 246 247 248 249 250 251 252 253 254 255 256 257 258 259 260 261 262 263 264 265 266 267 268 269 270 271 272 273 274 275 276 277 278 279 280 281 282 283 284 285 286 287 288 289 290 291 292 293 294 295 296 297 298 299 300
80 201 202 203 204 205 206 207 208 209 210 211 212 213 214 215 216 217 218 219 220 241 242 243 244 245 246 247 248 249 250 251 252 253 254 255 256 257 258 259 260 261 262 263 264 265 266 267 268 269 270 271 272 273 274 275 276 277 278 279 280 281 282 283 284 285 286 287 288 289 290 291 292 293 294 295 296 297 298 299 300
80 201 202 203 204 205 206 207 208 209 210 211 212 213 214 215 216 217 218 219 220 241 242 243 244 245 246 247 248 249 250 251 252 253 254 255 256 257 258 259 260 261 262 263 264 265 266 267 268 269 270 271 272 273 274 275 276 277 278 279 280 281 282 283 284 285 286 287 288 289 290 291 292 293 294 295 296 297 298 299 300
80 201 202 203 204 205 206 207 208 209 210 211 212 213 214 215 216 217 218 219 220 241 242 243 244 245 246 247 248 249 250 251 252 253 254 255 256 257 258 259 260 261 262 263 264 265 266 267 268 269 270 271 272 273 274 275 276 277 278 279 280 281 282 283 284 285 286 287 288 289 290 291 292 293 294 295 296 297 298 299 300
80 201 202 203 204 205 206 207 208 209 210 211 212 213 214 215 216 217 218 219 220 241 242 243 244 245 246 247 248 249 250 251 252 253 254 255 256 257 258 259 260 261 262 263 264 265 266 267 268 269 270 271 272 273 274 275 276 277 278 279 280 281 282 283 284 285 286 287 288 289 290 291 292 293 294 295 296 297 298 299 300
80 201 202 203 204 205 206 207 208 209 210 211 212 213 214 215 216 217 218 219 220 241 242 243 244 245 246 247 248 249 250 251 252 253 254 255 256 257 258 259 260 261 262 263 264 265 266 267 268 269 270 271 272 273 274 275 276 277 278 279 280 281 282 283 284 285 286 287 288 289 290 291 292 293 294 295 296 297 298 299 300
80 201 202 203 204 205 206 207 208 209 210 211 212 213 214 215 216 217 218 219 220 241 242 243 244 245 246 247 248 249 250 251 252 253 254 255 256 257 258 259 260 261 262 263 264 265 266 267 268 269 270 271 272 273 274 275 276 277 278 279 280 281 282 283 284 285 286 287 288 289 290 291 292 293 294 295 296 297 298 299 300
80 201 202 203 204 205 206 207 208 209 210 211 212 213 214 215 216 217 218 219 220 241 242 243 244 245 246 247 248 249 250 251 252 253 254 255 256 257 258 259 260 261 262 263 264 265 266 267 268 269 270 271 272 273 274 275 276 277 278 279 280 281 282 283 284 285 286 287 288 289 290 291 292 293 294 295 296 297 298 299 300
80 201 202 203 204 205 206 207 208 209 210 211 212 213 214 215 216 217 218 219 220 241 242 243 244 245 246 247 248 249 250 251 252 253 254 255 256 257 258 259 260 261 262 263 264 265 266 267 268 269 270 271 272 273 274 275 276 277 278 279 280 281 282 283 284 285 286 287 288 289 290 291 292 293 294 295 296 297 298 299 300
80 201 202 203 204 205 206 207 208 209 210 211 212 213 214 215 216 217 218 219 220 241 242 243 244 245 246 247 248 249 250 251 252 253 254 255 256 257 258 259 260 261 262 263 264 265 266 267 268 269 270 271 272 273 274 275 276 277 278 279 280 281 282 283 284 285 286 287 288 289 290 291 292 293 294 295 296 297 298 299 300
80 201 202 203 204 205 206 207 208 209 210 211 212 213 214 215 216 217 218 219 220 241 242 243 244 245 246 247 248 249 250 251 252 253 254 255 256 257 258 259 260 261 262 263 264 265 266 267 268 269 270 271 272 273 274 275 276 277 278 279 280 281 282 283 284 285 286 287 288 289 290 291 292 293 294 295 296 297 298 299 300
80 201 202 203 204 205 206 207 208 209 210 211 212 213 214 215 216 217 218 219 220 241 242 243 244 245 246 247 248 249 250 251 252 253 254 255 256 257 258 259 260 261 262 263 264 265 266 267 268 269 270 271 272 273 274 275 276 277 278 279 280 281 282 283 284 285 286 287 288 289 290 291 292 293 294 295 296 297 298 299 300
80 201 202 203 204 205 206 207 208 209 210 211 212 213 214 215 216 217 218 219 220 241 242 243 244 245 246 247 248 249 250 251 252 253 254 255 256 257 258 259 260 261 262 263 264 265 266 267 268 269 270 271 272 273 274 275 276 277 278 279 280 281 282 283 284 285 286 287 288 289 290 291 292 293 294 295 296 297 298 299 300
80 201 202 203 204 205 206 207 208 209 210 211 212 213 214 215 216 217 218 219 220 241 242 243 244 245 246 247 248 249 250 251 252 253 254 255 256 257 258 259 260 261 262 263 264 265 266 267 268 269 270 271 272 273 274 275 276 277 278 279 280 281 282 283 284 285 286 287 288 289 290 291 292 293 294 295 296 297 298 299 300
80 201 202 203 204 205 206 207 208 209 210 211 212 213 214 215 216 217 218 219 220 241 242 243 244 245 246 247 248 249 250 251 252 253 254 255 256 257 258 259 260 261 262 263 264 265 266 267 268 269 270 271 272 273 274 275 276 277 278 279 280 281 282 283 284 285 286 287 288 289 290 291 292 293 294 295 296 297 298 299 300
80 201 202 203 204 205 206 207 208 209 210 211 212 213 214 215 216 217 218 219 220 221 222 223 224 225 226 227 228 229 230 231 232 233 234 235 236 237 238 239 240 261 262 263 264 265 266 267 268 269 270 271 272 273 274 275 276 277 278 279 280 281 282 283 284 285 286 287 288 289 290 291 292 293 294 295 296 297 298 299 300
80 201 202 203 204 205 206 207 208 209 210 211 212 213 214 215 216 217 218 219 220 221 222 223 224 225 226 227 228 229 230 231 232 233 234 235 236 237 238 239 240 261 262 263 264 265 266 267 268 269 270 271 272 273 274 275 276 277 278 279 280 281 282 283 284 285 286 287 288 289 290 291 292 293 294 295 296 297 298 299 300
80 201 202 203 204 205 206 207 208 209 210 211 212 213 214 215 216 217 218 219 220 221 222 223 224 225 226 227 228 229 230 231 232 233 234 235 236 237 238 239 240 261 262 263 264 265 266 267 268 269 270 271 272 273 274 275 276 277 278 279 280 281 282 283 284 285 286 287 288 289 290 291 292 293 294 295 296 297 298 299 300
80 201 202 203 204 205 206 207 208 209 210 211 212 213 214 215 216 217 218 219 220 221 222 223 224 225 226 227 228 229 230 231 232 233 234 235 236 237 238 239 240 261 262 263 264 265 266 267 268 269 270 271 272 273 274 275 276 277 278 279 280 281 282 283 284 285 286 287 288 289 290 291 292 293 294 295 296 297 298 299 300
80 201 202 203 204 205 206 207 208 209 210 211 212 213 214 215 216 217 218 219 220 221 222 223 224 225 226 227 228 229 230 231 232 233 234 235 236 237 238 239 240 261 262 263 264 265 266 267 268 269 270 271 272 273 274 275 276 277 278 279 280 281 282 283 284 285 286 287 288 289 290 291 292 293 294 295 296 297 298 299 300
80 201 202 203 204 205 206 207 208 209 210 211 212 213 214 215 216 217 218 219 220 221 222 223 224 225 226 227 228 229 230 231 232 233 234 235 236 237 238 239 240 261 262 263 264 265 266 267 268 269 270 271 272 273 274 275 276 277 278 279 280 281 282 283 284 285 286 287 288 289 290 291 292 293 294 295 296 297 298 299 300
80 201 202 203 204 205 206 207 208 209 210 211 212 213 214 215 216 217 218 219 220 221 222 223 224 225 226 227 228 229 230 231 232 233 234 235 236 237 238 239 240 261 262 263 264 265 266 267 268 269 270 271 272 273 274 275 276 277 278 279 280 281 282 283 284 285 286 287 288 289 290 291 292 293 294 295 296 297 298 299 300
80 201 202 203 204 205 206 207 208 209 210 211 212 213 214 215 216 217 218 219 220 221 222 223 224 225 226 227 228 229 230 231 232 233 234 235 236 237 238 239 240 261 262 263 264 265 266 267 268 269 270 271 272 273 274 275 276 277 278 279 280 281 282 283 284 285 286 287 288 289 290 291 292 293 294 295 296 297 298 299 300
80 201 202 203 204 205 206 207 208 209 210 211 212 213 214 215 216 217 218 219 220 221 222 223 224 225 226 227 228 229 230 231 232 233 234 235 236 237 238 239 240 261 262 263 264 265 266 267 268 269 270 271 272 273 274 275 276 277 278 279 280 281 282 283 284 285 286 287 288 289 290 291 292 293 294 295 296 297 298 299 300
80 201 202 203 204 205 206 207 208 209 210 211 212 213 214 215 216 217 218 219 220 221 222 223 224 225 226 227 228 229 230 231 232 233 234 235 236 237 238 239 240 261 262 263 264 265 266 267 268 269 270 271 272 273 274 275 276 277 278 279 280 281 282 283 284 285 286 287 288 289 290 291 292 293 294 295 296 297 298 299 300
80 201 202 203 204 205 206 207 208 209 210 211 212 213 214 215 216 217 218 219 220 221 222 223 224 225 226 227 228 229 230 231 232 233 234 235 236 237 238 239 240 261 262 263 264 265 266 267 268 269 270 271 272 273 274 275 276 277 278 279 280 281 282 283 284 285 286 287 288 289 290 291 292 293 294 295 296 297 298 299 300
80 201 202 203 204 205 206 207 208 209 210 211 212 213 214 215 216 217 218 219 220 221 222 223 224 225 226 227 228 229 230 231 232 233 234 235 236 237 238 239 240 261 262 263 264 265 266 267 268 269 270 271 272 273 274 275 276 277 278 279 280 281 282 283 284 285 286 287 288 289 290 291 292 293 294 295 296 297 298 299 300
80 201 202 203 204 205 206 207 208 209 210 211 212 213 214 215 216 217 218 219 220 221 222 223 224 225 226 227 228 229 230 231 232 233 234 235 236 237 238 239 240 261 262 263 264 265 266 267 268 269 270 271 272 273 274 275 276 277 278 279 280 281 282 283 284 285 286 287 288 289 290 291 292 293 294 295 296 297 298 299 300
80 201 202 203 204 205 206 207 208 209 210 211 212 213 214 215 216 217 218 219 220 221 222 223 224 225 226 227 228 229 230 231 232 233 234 235 236 237 238 239 240 261 262 263 264 265 266 267 268 269 270 271 272 273 274 275 276 277 278 279 280 281 282 283 284 285 286 287 288 289 290 291 292 293 294 295 296 297 298 299 300
80 201 202 203 204 205 206 207 208 209 210 211 212 213 214 215 216 217 218 219 220 221 222 223 224 225 226 227 228 229 230 231 232 233 234 235 236 237 238 239 240 261 262 263 264 265 266 267 268 269 270 271 272 273 274 275 276 277 278 279 280 281 282 283 284 285 286 287 288 289 290 291 292 293 294 295 296 297 298 299 300
80 201 202 203 204 205 206 207 208 209 210 211 212 213 214 215 216 217 218 219 220 221 222 223 224 225 226 227 228 229 230 231 232 233 234 235 236 237 238 239 240 261 262 263 264 265 266 267 268 269 270 271 272 273 274 275 276 277 278 279 280 281 282 283 284 285 286 287 288 289 290 291 292 293 294 295 296 297 298 299 300
80 201 202 203 204 205 206 207 208 209 210 211 212 213 214 215 216 217 218 219 220 221 222 223 224 225 226 227 228 229 230 231 232 233 234 235 236 237 238 239 240 261 262 263 264 265 266 267 268 269 270 271 272 273 274 275 276 277 278 279 280 281 282 283 284 285 286 287 288 289 290 291 292 293 294 295 296 297 298 299 300
80 201 202 203 204 205 206 207 208 209 210 211 212 213 214 215 216 217 218 219 220 221 222 223 224 225 226 227 228 229 230 231 232 233 234 235 236 237 238 239 240 261 262 263 264 265 266 267 268 269 270 271 272 273 274 275 276 277 278 279 280 281 282 283 284 285 286 287 288 289 290 291 292 293 294 295 296 297 298 299 300
80 201 202 203 204 205 206 207 208 209 210 211 212 213 214 215 216 217 218 219 220 221 222 223 224 225 226 227 228 229 230 231 232 233 234 235 236 237 238 239 240 261 262 263 264 265 266 267 268 269 270 271 272 273 274 275 276 277 278 279 280 281 282 283 284 285 286 287 288 289 290 291 292 293 294 295 296 297 298 299 300
80 201 202 203 204 205 206 207 208 209 210 211 212 213 214 215 216 217 218 219 220 221 222 223 224 225 226 227 228 229 230 231 232 233 234 235 236 237 238 239 240 261 262 263 264 265 266 267 268 269 270 271 272 273 274 275 276 277 278 279 280 281 282 283 284 285 286 287 288 289 290 291 292 293 294 295 296 297 298 299 300
80 201 202 203 204 205 206 207 208 209 210 211 212 213 214 215 216 217 218 219 220 221 222 223 224 225 226 227 228 229 230 231 232 233 234 235 236 237 238 239 240 241 242 243 244 245 246 247 248 249 250 251 252 253 254 255 256 257 258 259 260 281 282 283 284 285 286 287 288 289 290 291 292 293 294 295 296 297 298 299 300
80 201 202 203 204 205 206 207 208 209 210 211 212 213 214 215 216 217 218 219 220 221 222 223 224 225 226 227 228 229 230 231 232 233 234 235 236 237 238 239 240 241 242 243 244 245 246 247 248 249 250 251 252 253 254 255 256 257 258 259 260 281 282 283 284 285 286 287 288 289 290 291 292 293 294 295 296 297 298 299 300
80 201 202 203 204 205 206 207 208 209 210 211 212 213 214 215 216 217 218 219 220 221 222 223 224 225 226 227 228 229 230 231 232 233 234 235 236 237 238 239 240 241 242 243 244 245 246 247 248 249 250 251 252 253 254 255 256 257 258 259 260 281 282 283 284 285 286 287 288 289 290 291 292 293 294 295 296 297 298 299 300
80 201 202 203 204 205 206 207 208 209 210 211 212 213 214 215 216 217 218 219 220 221 222 223 224 225 226 227 228 229 230 231 232 233 234 235 236 237 238 239 240 241 242 243 244 245 246 247 248 249 250 251 252 253 254 255 256 257 258 259 260 281 282 283 284 285 286 287 288 289 290 291 292 293 294 295 296 297 298 299 300
80 201 202 203 204 205 206 207 208 209 210 211 212 213 214 215 216 217 218 219 220 221 222 223 224 225 226 227 228 229 230 231 232 233 234 235 236 237 238 239 240 241 242 243 244 245 246 247 248 249 250 251 252 253 254 255 256 257 258 259 260 281 282 283 284 285 286 287 288 289 290 291 292 293 294 295 296 297 298 299 300
80 201 202 203 204 205 206 207 208 209 210 211 212 213 214 215 216 217 218 219 220 221 222 223 224 225 226 227 228 229 230 231 232 233 234 235 236 237 238 239 240 241 242 243 244 245 246 247 248 249 250 251 252 253 254 255 256 257 258 259 260 281 282 283 284 285 286 287 288 289 290 291 292 293 294 295 296 297 298 299 300
80 201 202 203 204 205 206 207 208 209 210 211 212 213 214 215 216 217 218 219 220 221 222 223 224 225 226 227 228 229 230 231 232 233 234 235 236 237 238 239 240 241 242 243 244 245 246 247 248 249 250 251 252 253 254 255 256 257 258 259 260 281 282 283 284 285 286 287 288 289 290 291 292 293 294 295 296 297 298 299 300
80 201 202 203 204 205 206 207 208 209 210 211 212 213 214 215 216 217 218 219 220 221 222 223 224 225 226 227 228 229 230 231 232 233 234 235 236 237 238 239 240 241 242 243 244 245 246 247 248 249 250 251 252 253 254 255 256 257 258 259 260 281 282 283 284 285 286 287 288 289 290 291 292 293 294 295 296 297 298 299 300
80 201 202 203 204 205 206 207 208 209 210 211 212 213 214 215 216 217 218 219 220 221 222 223 224 225 226 227 228 229 230 231 232 233 234 235 236 237 238 239 240 241 242 243 244 245 246 247 248 249 250 251 252 253 254 255 256 257 258 259 260 281 282 283 284 285 286 287 288 289 290 291 292 293 294 295 296 297 298 299 300
80 201 202 203 204 205 206 207 208 209 210 211 212 213 214 215 216 217 218 219 220 221 222 223 224 225 226 227 228 229 230 231 232 233 234 235 236 237 238 239 240 241 242 243 244 245 246 247 248 249 250 251 252 253 254 255 256 257 258 259 260 281 282 283 284 285 286 287 288 289 290 291 292 293 294 295 296 297 298 299 300
80 201 202 203 204 205 206 207 208 209 210 211 212 213 214 215 216 217 218 219 220 221 222 223 224 225 226 227 228 229 230 231 232 233 234 235 236 237 238 239 240 241 242 243 244 245 246 247 248 249 250 251 252 253 254 255 256 257 258 259 260 281 282 283 284 285 286 287 288 289 290 291 292 293 294 295 296 297 298 299 300
80 201 202 203 204 205 206 207 208 209 210 211 212 213 214 215 216 217 218 219 220 221 222 223 224 225 226 227 228 229 230 231 232 233 234 235 236 237 238 239 240 241 242 243 244 245 246 247 248 249 250 251 252 253 254 255 256 257 258 259 260 281 282 283 284 285 286 287 288 289 290 291 292 293 294 295 296 297 298 299 300
80 201 202 203 204 205 206 207 208 209 210 211 212 213 214 215 216 217 218 219 220 221 222 223 224 225 226 227 228 229 230 231 232 233 234 235 236 237 238 239 240 241 242 243 244 245 246 247 248 249 250 251 252 253 254 255 256 257 258 259 260 281 282 283 284 285 286 287 288 289 290 291 292 293 294 295 296 297 298 299 300
80 201 202 203 204 205 206 207 208 209 210 211 212 213 214 215 216 217 218 219 220 221 222 223 224 225 226 227 228 229 230 231 232 233 234 235 236 237 238 239 240 241 242 243 244 245 246 247 248 249 250 251 252 253 254 255 256 257 258 259 260 281 282 283 284 285 286 287 288 289 290 291 292 293 294 295 296 297 298 299 300
80 201 202 203 204 205 206 207 208 209 210 211 212 213 214 215 216 217 218 219 220 221 222 223 224 225 226 227 228 229 230 231 232 233 234 235 236 237 238 239 240 241 242 243 244 245 246 247 248 249 250 251 252 253 254 255 256 257 258 259 260 281 282 283 284 285 286 287 288 289 290 291 292 293 294 295 296 297 298 299 300
80 201 202 203 204 205 206 207 208 209 210 211 212 213 214 215 216 217 218 219 220 221 222 223 224 225 226 227 228 229 230 231 232 233 234 235 236 237 238 239 240 241 242 243 244 245 246 247 248 249 250 251 252 253 254 255 256 257 258 259 260 281 282 283 284 285 286 287 288 289 290 291 292 293 294 295 296 297 298 299 300
80 201 202 203 204 205 206 207 208 209 210 211 212 213 214 215 216 217 218 219 220 221 222 223 224 225 226 227 228 229 230 231 232 233 234 235 236 237 238 239 240 241 242 243 244 245 246 247 248 249 250 251 252 253 254 255 256 257 258 259 260 281 282 283 284 285 286 287 288 289 290 291 292 293 294 295 296 297 298 299 300
80 201 202 203 204 205 206 207 208 209 210 211 212 213 214 215 216 217 218 219 220 221 222 223 224 225 226 227 228 229 230 231 232 233 234 235 236 237 238 239 240 241 242 243 244 245 246 247 248 249 250 251 252 253 254 255 256 257 258 259 260 281 282 283 284 285 286 287 288 289 290 291 292 293 294 295 296 297 298 299 300
80 201 202 203 204 205 206 207 208 209 210 211 212 213 214 215 216 217 218 219 220 221 222 223 224 225 226 227 228 229 230 231 232 233 234 235 236 237 238 239 240 241 242 243 244 245 246 247 248 249 250 251 252 253 254 255 256 257 258 259 260 281 282 283 284 285 286 287 288 289 290 291 292 293 294 295 296 297 298 299 300
80 201 202 203 204 205 206 207 208 209 210 211 212 213 214 215 216 217 218 219 220 221 222 223 224 225 226 227 228 229 230 231 232 233 234 235 236 237 238 239 240 241 242 243 244 245 246 247 248 249 250 251 252 253 254 255 256 257 258 259 260 281 282 283 284 285 286 287 288 289 290 291 292 293 294 295 296 297 298 299 300
80 201 202 203 204 205 206 207 208 209 210 211 212 213 214 215 216 217 218 219 220 221 222 223 224 225 226 227 228 229 230 231 232 233 234 235 236 237 238 239 240 241 242 243 244 245 246 247 248 249 250 251 252 253 254 255 256 257 258 259 260 261 262 263 264 265 266 267 268 269 270 271 272 273 274 275 276 277 278 279 280
80 201 202 203 204 205 206 207 208 209 210 211 212 213 214 215 216 217 218 219 220 221 222 223 224 225 226 227 228 229 230 231 232 233 234 235 236 237 238 239 240 241 242 243 244 245 246 247 248 249 250 251 252 253 254 255 256 257 258 259 260 261 262 263 264 265 266 267 268 269 270 271 272 273 274 275 276 277 278 279 280
80 201 202 203 204 205 206 207 208 209 210 211 212 213 214 215 216 217 218 219 220 221 222 223 224 225 226 227 228 229 230 231 232 233 234 235 236 237 238 239 240 241 242 243 244 245 246 247 248 249 250 251 252 253 254 255 256 257 258 259 260 261 262 263 264 265 266 267 268 269 270 271 272 273 274 275 276 277 278 279 280
80 201 202 203 204 205 206 207 208 209 210 211 212 213 214 215 216 217 218 219 220 221 222 223 224 225 226 227 228 229 230 231 232 233 234 235 236 237 238 239 240 241 242 243 244 245 246 247 248 249 250 251 252 253 254 255 256 257 258 259 260 261 262 263 264 265 266 267 268 269 270 271 272 273 274 275 276 277 278 279 280
80 201 202 203 204 205 206 207 208 209 210 211 212 213 214 215 216 217 218 219 220 221 222 223 224 225 226 227 228 229 230 231 232 233 234 235 236 237 238 239 240 241 242 243 244 245 246 247 248 249 250 251 252 253 254 255 256 257 258 259 260 261 262 263 264 265 266 267 268 269 270 271 272 273 274 275 276 277 278 279 280
80 201 202 203 204 205 206 207 208 209 210 211 212 213 214 215 216 217 218 219 220 221 222 223 224 225 226 227 228 229 230 231 232 233 234 235 236 237 238 239 240 241 242 243 244 245 246 247 248 249 250 251 252 253 254 255 256 257 258 259 260 261 262 263 264 265 266 267 268 269 270 271 272 273 274 275 276 277 278 279 280
80 201 202 203 204 205 206 207 208 209 210 211 212 213 214 215 216 217 218 219 220 221 222 223 224 225 226 227 228 229 230 231 232 233 234 235 236 237 238 239 240 241 242 243 244 245 246 247 248 249 250 251 252 253 254 255 256 257 258 259 260 261 262 263 264 265 266 267 268 269 270 271 272 273 274 275 276 277 278 279 280
80 201 202 203 204 205 206 207 208 209 210 211 212 213 214 215 216 217 218 219 220 221 222 223 224 225 226 227 228 229 230 231 232 233 234 235 236 237 238 239 240 241 242 243 244 245 246 247 248 249 250 251 252 253 254 255 256 257 258 259 260 261 262 263 264 265 266 267 268 269 270 271 272 273 274 275 276 277 278 279 280
80 201 202 203 204 205 206 207 208 209 210 211 212 213 214 215 216 217 218 219 220 221 222 223 224 225 226 227 228 229 230 231 232 233 234 235 236 237 238 239 240 241 242 243 244 245 246 247 248 249 250 251 252 253 254 255 256 257 258 259 260 261 262 263 264 265 266 267 268 269 270 271 272 273 274 275 276 277 278 279 280
80 201 202 203 204 205 206 207 208 209 210 211 212 213 214 215 216 217 218 219 220 221 222 223 224 225 226 227 228 229 230 231 232 233 234 235 236 237 238 239 240 241 242 243 244 245 246 247 248 249 250 251 252 253 254 255 256 257 258 259 260 261 262 263 264 265 266 267 268 269 270 271 272 273 274 275 276 277 278 279 280
80 201 202 203 204 205 206 207 208 209 210 211 212 213 214 215 216 217 218 219 220 221 222 223 224 225 226 227 228 229 230 231 232 233 234 235 236 237 238 239 240 241 242 243 244 245 246 247 248 249 250 251 252 253 254 255 256 257 258 259 260 261 262 263 264 265 266 267 268 269 270 271 272 273 274 275 276 277 278 279 280
80 201 202 203 204 205 206 207 208 209 210 211 212 213 214 215 216 217 218 219 220 221 222 223 224 225 226 227 228 229 230 231 232 233 234 235 236 237 238 239 240 241 242 243 244 245 246 247 248 249 250 251 252 253 254 255 256 257 258 259 260 261 262 263 264 265 266 267 268 269 270 271 272 273 274 275 276 277 278 279 280
80 201 202 203 204 205 206 207 208 209 210 211 212 213 214 215 216 217 218 219 220 221 222 223 224 225 226 227 228 229 230 231 232 233 234 235 236 237 238 239 240 241 242 243 244 245 246 247 248 249 250 251 252 253 254 255 256 257 258 259 260 261 262 263 264 265 266 267 268 269 270 271 272 273 274 275 276 277 278 279 280
80 201 202 203 204 205 206 207 208 209 210 211 212 213 214 215 216 217 218 219 220 221 222 223 224 225 226 227 228 229 230 231 232 233 234 235 236 237 238 239 240 241 242 243 244 245 246 247 248 249 250 251 252 253 254 255 256 257 258 259 260 261 262 263 264 265 266 267 268 269 270 271 272 273 274 275 276 277 278 279 280
80 201 202 203 204 205 206 207 208 209 210 211 212 213 214 215 216 217 218 219 220 221 222 223 224 225 226 227 228 229 230 231 232 233 234 235 236 237 238 239 240 241 242 243 244 245 246 247 248 249 250 251 252 253 254 255 256 257 258 259 260 261 262 263 264 265 266 267 268 269 270 271 272 273 274 275 276 277 278 279 280
80 201 202 203 204 205 206 207 208 209 210 211 212 213 214 215 216 217 218 219 220 221 222 223 224 225 226 227 228 229 230 231 232 233 234 235 236 237 238 239 240 241 242 243 244 245 246 247 248 249 250 251 252 253 254 255 256 257 258 259 260 261 262 263 264 265 266 267 268 269 270 271 272 273 274 275 276 277 278 279 280
80 201 202 203 204 205 206 207 208 209 210 211 212 213 214 215 216 217 218 219 220 221 222 223 224 225 226 227 228 229 230 231 232 233 234 235 236 237 238 239 240 241 242 243 244 245 246 247 248 249 250 251 252 253 254 255 256 257 258 259 260 261 262 263 264 265 266 267 268 269 270 271 272 273 274 275 276 277 278 279 280
80 201 202 203 204 205 206 207 208 209 210 211 212 213 214 215 216 217 218 219 220 221 222 223 224 225 226 227 228 229 230 231 232 233 234 235 236 237 238 239 240 241 242 243 244 245 246 247 248 249 250 251 252 253 254 255 256 257 258 259 260 261 262 263 264 265 266 267 268 269 270 271 272 273 274 275 276 277 278 279 280
80 201 202 203 204 205 206 207 208 209 210 211 212 213 214 215 216 217 218 219 220 221 222 223 224 225 226 227 228 229 230 231 232 233 234 235 236 237 238 239 240 241 242 243 244 245 246 247 248 249 250 251 252 253 254 255 256 257 258 259 260 261 262 263 264 265 266 267 268 269 270 271 272 273 274 275 276 277 278 279 280
80 201 202 203 204 205 206 207 208 209 210 211 212 213 214 215 216 217 218 219 220 221 222 223 224 225 226 227 228 229 230 231 232 233 234 235 236 237 238 239 240 241 242 243 244 245 246 247 248 249 250 251 252 253 254 255 256 257 258 259 260 261 262 263 264 265 266 267 268 269 270 271 272 273 274 275 276 277 278 279 280
4 1 302 303 304
4 301 305 306 307
4 301 308 309 310
4 301 311 312 313
4 302 314 315 316
4 302 317 318 319
4 302 320 321 322
4 303 323 324 325
4 303 326 327 328
4 303 329 330 331
4 304 332 333 334
4 304 335 336 337
4 304 338 339 340
4 305 341 342 343
4 305 344 345 346
4 305 347 348 349
4 306 350 351 352
4 306 353 354 355
4 306 356 357 358
4 307 359 360 361
4 307 362 363 364
4 307 365 366 367
4 308 368 369 370
4 308 371 372 373
4 308 374 375 376
4 309 377 378 379
4 309 380 381 382
4 309 383 384 385
4 310 386 387 388
4 310 389 390 391
4 310 392 393 394
4 311 395 396 397
4 311 398 399 400
1 311
1 312
1 312
1 312
1 313
1 313
1 313
1 314
1 314
1 314
1 315
1 315
1 315
1 316
1 316
1 316
1 317
1 317
1 317
1 318
1 318
1 318
1 319
1 319
1 319
1 320
1 320
1 320
1 321
1 321
1 321
1 322
1 322
1 322
1 323
1 323
1 323
1 324
1 324
1 324
1 325
1 325
1 325
1 326
1 326
1 326
1 327
1 327
1 327
1 328
1 328
1 328
1 329
1 329
1 329
1 330
1 330
1 330
1 331
1 331
1 331
1 332
1 332
1 332
1 333
1 333
1 333
43 1 402 403 404 405 406 407 408 409 410 411 412 413 414 415 416 417 418 419 420 421 422 423 424 425 426 427 428 429 430 431 432 433 434 435 436 437 438 439 440 441 442 443
3 401 403 443
3 401 402 404
3 401 403 405
3 401 404 406
3 401 405 407
3 401 406 408
3 401 407 409
3 401 408 410
3 401 409 411
3 401 410 412
3 401 411 413
3 401 412 414
3 401 413 415
3 401 414 416
3 401 415 417
3 401 416 418
3 401 417 419
3 401 418 420
3 401 419 421
3 401 420 422
3 401 421 423
3 401 422 424
3 401 423 425
3 401 424 426
3 401 425 427
3 401 426 428
3 401 427 429
3 401 428 430
3 401 429 431
3 401 430 432
3 401 431 433
3 401 432 434
3 401 433 435
3 401 434 436
3 401 435 437
3 401 436 438
3 401 437 439
3 401 438 440
3 401 439 441
3 401 440 442
3 401 441 443
3 401 402 442
7 445 446 448 452 460 476 508
7 444 447 449 453 461 477 509
7 444 447 450 454 462 478 510
7 445 446 451 455 463 479 511
7 444 449 450 456 464 480 512
7 445 448 451 457 465 481 513
7 446 448 451 458 466 482 514
7 447 449 450 459 467 483 515
7 444 453 454 456 468 484 516
7 445 452 455 457 469 485 517
7 446 452 455 458 470 486 518
7 447 453 454 459 471 487 519
7 448 452 457 458 472 488 520
7 449 453 456 459 473 489 521
7 450 454 456 459 474 490 522
7 451 455 457 458 475 491 523
7 444 461 462 464 468 492 524
7 445 460 463 465 469 493 525
7 446 460 463 466 470 494 526
7 447 461 462 467 471 495 527
7 448 460 465 466 472 496 528
7 449 461 464 467 473 497 529
7 450 462 464 467 474 498 530
7 451 463 465 466 475 499 531
7 452 460 469 470 472 500 532
7 453 461 468 471 473 501 533
7 454 462 468 471 474 502 534
7 455 463 469 470 475 503 535
7 456 464 468 473 474 504 536
7 457 465 469 472 475 505 537
7 458 466 470 472 475 506 538
7 459 467 471 473 474 507 539
7 444 477 478 480 484 492 540
7 445 476 479 481 485 493 541
7 446 476 479 482 486 494 542
7 447 477 478 483 487 495 543
7 448 476 481 482 488 496 544
7 449 477 480 483 489 497 545
7 450 478 480 483 490 498 546
7 451 479 481 482 491 499 547
7 452 476 485 486 488 500 548
7 453 477 484 487 489 501 549
7 454 478 484 487 490 502 550
7 455 479 485 486 491 503 551
7 456 480 484 489 490 504 552
7 457 481 485 488 491 505 553
7 458 482 486 488 491 506 554
7 459 483 487 489 490 507 555
7 460 476 493 494 496 500 556
7 461 477 492 495 497 501 557
7 462 478 492 495 498 502 558
7 463 479 493 494 499 503 559
7 464 480 492 497 498 504 560
7 465 481 493 496 499 505 561
7 466 482 494 496 499 506 562
7 467 483 495 497 498 507 563
7 468 484 492 501 502 504 564
7 469 485 493 500 503 505 565
7 470 486 494 500 503 506 566
7 471 487 495 501 502 507 567
7 472 488 496 500 505 506 568
7 473 489 497 501 504 507 569
7 474 490 498 502 504 507 570
7 475 491 499 503 505 506 571
7 444 509 510 512 516 524 540
7 445 508 511 513 517 525 541
7 446 508 511 514 518 526 542
7 447 509 510 515 519 527 543
7 448 508 513 514 520 528 544
7 449 509 512 515 521 529 545
7 450 510 512 515 522 530 546
7 451 511 513 514 523 531 547
7 452 508 517 518 520 532 548
7 453 509 516 519 521 533 549
7 454 510 516 519 522 534 550
7 455 511 517 518 523 535 551
7 456 512 516 521 522 536 552
7 457 513 517 520 523 537 553
7 458 514 518 520 523 538 554
7 459 515 519 521 522 539 555
7 460 508 525 526 528 532 556
7 461 509 524 527 529 533 557
7 462 510 524 527 530 534 558
7 463 511 525 526 531 535 559
7 464 512 524 529 530 536 560
7 465 513 525 528 531 537 561
7 466 514 526 528 531 538 562
7 467 515 527 529 530 539 563
7 468 516 524 533 534 536 564
7 469 517 525 532 535 537 565
7 470 518 526 532 535 538 566
7 471 519 527 533 534 539 567
7 472 520 528 532 537 538 568
7 473 521 529 533 536 539 569
7 474 522 530 534 536 539 570
7 475 523 531 535 537 538 571
7 476 508 541 542 544 548 556
7 477 509 540 543 545 549 557
7 478 510 540 543 546 550 558
7 479 511 541 542 547 551 559
7 480 512 540 545 546 552 560
7 481 513 541 544 547 553 561
7 482 514 542 544 547 554 562
7 483 515 543 545 546 555 563
7 484 516 540 549 550 552 564
7 485 517 541 548 551 553 565
7 486 518 542 548 551 554 566
7 487 519 543 549 550 555 567
7 488 520 544 548 553 554 568
7 489 521 545 549 552 555 569
7 490 522 546 550 552 555 570
7 491 523 547 551 553 554 571
7 492 524 540 557 558 560 564
7 493 525 541 556 559 561 565
7 494 526 542 556 559 562 566
7 495 527 543 557 558 563 567
7 496 528 544 556 561 562 568
7 497 529 545 557 560 563 569
7 498 530 546 558 560 563 570
7 499 531 547 559 561 562 571
7 500 532 548 556 565 566 568
7 501 533 549 557 564 567 569
7 502 534 550 558 564 567 570
7 503 535 551 559 565 566 571
7 504 536 552 560 564 569 570
7 505 537 553 561 565 568 571
7 506 538 554 562 566 568 571
7 507 539 555 563 567 569 570
49 573 575 576 577 578 580 581 582 583 584 585 588 590 591 594 595 601 604 609 610 615 616 617 621 622 625 627 628 631 632 634 635 637 638 639 640 641 643 644 645 649 650 652 653 658 662 664 667 668
46 574 575 576 578 579 580 581 584 585 589 592 594 596 597 601 602 603 605 606 607 608 609 610 619 623 625 626 628 629 632 633 637 638 640 641 642 647 651 655 660 661 662 664 667 668 671
50 572 573 577 581 582 583 584 585 586 589 592 594 597 598 600 601 602 603 604 609 610 611 612 615 616 622 623 624 625 627 629 632 634 636 642 643 646 648 649 650 651 653 654 658 659 662 663 667 669 670
60 574 576 577 580 585 586 587 588 590 591 592 593 594 595 597 601 602 603 605 607 610 611 612 613 614 615 616 617 621 622 625 626 627 628 629 630 633 635 636 637 638 639 640 641 642 643 644 645 647 651 656 657 658 660 661 662 663 667 669 670
47 575 577 578 580 583 584 587 591 593 594 596 597 600 603 604 608 609 610 612 613 616 618 619 620 621 622 625 626 627 628 630 633 634 638 639 642 645 650 651 652 653 657 660 663 666 667 671
52 572 573 575 578 579 580 583 584 585 590 592 594 595 596 598 599 600 601 602 603 605 606 607 608 610 612 614 616 617 619 621 623 626 629 632 635 638 639 641 645 646 648 654 655 659 661 662 664 666 667 668 671
50 572 573 574 576 581 582 584 585 589 592 593 596 598 599 603 608 610 615 616 618 619 622 623 624 625 629 631 632 634 635 636 637 638 639 642 643 646 648 650 651 655 656 657 659 660 665 667 669 670 671
48 572 578 581 582 584 586 591 597 598 604 605 607 611 612 613 615 616 617 618 619 620 623 624 626 627 632 633 634 636 637 639 640 642 644 646 647 648 649 651 652 654 655 656 658 660 661 665 667
52 573 574 576 577 578 581 582 583 584 586 588 592 593 595 597 599 601 604 605 606 607 608 613 616 618 621 622 625 628 629 630 632 634 635 637 638 639 640 644 648 652 653 657 659 661 663 665 666 667 669 670 671
48 572 575 577 578 579 580 585 587 589 592 595 599 600 603 604 606 607 610 613 614 615 623 625 626 627 630 632 633 637 638 642 643 644 646 647 648 650 652 653 654 655 656 657 658 660 661 666 668
57 573 574 576 577 578 580 583 585 586 587 588 592 593 594 596 599 600 603 604 605 610 611 615 619 620 621 622 623 624 626 627 628 629 630 632 634 636 637 638 639 640 641 642 643 644 647 648 649 650 651 652 658 659 663 666 669 670
46 575 579 580 585 588 591 593 594 595 596 600 601 602 604 605 607 609 611 615 616 617 619 624 626 628 632 633 634 635 637 639 643 644 645 646 652 653 654 655 656 657 658 659 660 665 668
43 574 576 580 582 583 585 594 597 598 600 601 602 603 610 612 613 614 615 616 620 622 623 624 625 627 629 631 632 636 641 642 643 644 650 651 653 654 655 656 664 665 669 671
51 572 573 574 575 578 579 580 581 583 584 586 588 591 594 595 598 599 600 601 603 608 612 613 624 625 626 629 630 631 634 636 638 639 640 641 642 644 646 648 649 650 652 653 654 661 662 664 665 667 669 670
55 573 574 575 576 578 579 582 584 585 592 594 595 596 600 601 602 603 604 606 610 613 614 618 619 621 622 623 624 628 631 633 635 636 637 638 640 641 645 647 648 649 650 653 654 655 656 658 659 661 662 663 665 667 670 671
45 579 583 584 585 586 588 591 595 596 599 600 601 602 605 610 611 612 613 614 615 616 619 621 622 625 627 629 630 632 634 637 641 644 645 651 652 654 655 660 662 663 665 666 668 670
57 572 573 574 578 580 581 582 584 586 589 590 592 593 594 601 602 605 607 608 611 613 614 615 616 617 618 619 620 621 622 623 625 627 628 630 631 633 634 635 639 642 645 648 650 653 654 655 656 658 659 660 661 662 663 665 668 669
42 573 577 581 583 584 585 586 595 596 597 598 601 603 604 605 606 610 614 616 617 619 620 621 624 626 628 633 635 637 643 644 645 649 656 657 659 660 662 665 666 667 669
60 572 573 574 576 579 580 581 582 584 587 588 591 593 595 596 598 600 601 602 603 604 605 606 607 608 609 610 611 614 616 620 621 622 623 624 628 629 630 631 632 633 634 635 636 637 640 645 646 648 649 650 651 652 654 656 659 660 661 664 666
50 575 577 578 582 584 585 587 588 589 590 593 595 603 604 605 606 608 609 611 612 614 615 617 619 620 621 624 625 627 630 632 634 635 638 639 641 644 649 650 653 659 660 661 662 663 664 665 668 670 671
52 573 574 576 580 583 584 586 587 598 599 600 601 602 603 604 607 608 609 611 612 617 618 621 622 623 624 625 626 628 629 631 633 634 638 639 640 641 642 644 646 648 649 650 655 656 657 658 659 660 665 669 670
46 572 575 576 577 578 588 589 590 595 596 598 600 601 602 603 604 605 606 608 610 611 612 616 618 619 621 623 624 626 628 633 634 635 639 640 641 643 645 646 652 654 661 663 667 668 671
54 574 577 578 579 581 584 585 588 591 595 596 597 598 600 601 602 603 605 606 608 609 611 612 613 614 615 617 618 620 621 624 625 626 627 628 631 632 633 634 636 640 644 648 649 650 652 655 658 659 660 663 664 666 670
52 572 573 574 575 576 578 579 580 583 584 585 591 599 602 603 604 605 606 609 610 611 612 615 617 619 622 623 624 626 627 629 630 632 634 635 636 637 640 644 649 650 652 655 657 658 661 665 666 667 668 670 671
48 572 579 580 582 583 584 585 586 587 588 589 590 591 592 593 597 601 603 604 606 607 612 614 620 623 624 627 628 630 631 632 634 639 640 647 649 650 653 654 655 659 660 662 663 664 669 670 671
43 572 574 576 577 578 579 580 581 583 584 585 591 593 595 596 599 604 607 608 615 616 617 619 621 631 632 638 639 643 644 645 647 648 649 651 654 657 659 661 664 667 668 669
48 572 573 574 579 580 581 582 583 585 587 588 590 592 595 596 597 600 602 604 606 608 610 615 616 617 620 621 623 624 626 628 632 634 637 638 639 640 642 646 648 649 651 652 654 657 658 664 671
45 572 573 574 575 585 591 593 595 602 605 606 607 608 610 611 613 614 617 618 619 620 621 625 627 629 630 637 638 640 641 642 643 644 645 646 647 649 651 656 657 662 665 666 669 670
43 576 581 584 585 586 588 592 593 595 598 599 601 602 605 608 610 613 615 616 617 618 621 622 625 626 627 631 633 635 638 640 642 644 645 647 650 653 655 656 657 658 662 671
52 572 574 575 578 579 581 582 584 585 587 590 592 593 594 595 599 602 604 605 606 607 608 609 611 614 615 616 617 618 619 621 622 627 632 633 635 638 639 640 641 643 644 645 646 652 653 655 656 659 662 664 670
58 572 574 575 576 577 579 580 587 588 590 591 593 596 598 599 600 604 605 607 612 613 614 615 617 619 620 621 627 628 629 630 631 634 635 638 640 641 642 645 646 649 651 652 653 654 656 657 659 660 661 663 664 665 666 667 668 670 671
51 572 573 574 575 577 579 581 584 586 587 588 592 594 595 597 599 601 604 605 607 608 609 610 611 613 618 620 624 627 628 630 631 632 634 635 636 639 640 644 645 647 648 652 655 658 661 662 664 666 667 671
42 572 579 581 583 584 585 586 587 589 591 592 595 596 599 601 605 606 610 613 614 616 617 620 624 625 630 633 635 638 641 643 644 645 648 651 652 656 657 659 664 666 668
50 574 576 578 579 581 582 583 584 585 587 589 594 595 599 600 601 602 603 606 609 611 612 616 617 619 621 622 626 627 628 633 637 638 640 641 643 646 648 649 650 651 652 657 659 660 664 666 668 669 671
46 574 576 580 583 588 589 590 594 595 596 599 601 602 603 604 605 608 610 613 617 618 619 620 622 623 624 627 629 634 635 636 637 639 642 643 644 647 649 652 654 658 659 661 663 665 666
53 572 574 577 581 586 587 588 590 594 595 596 597 599 600 601 602 604 605 608 609 614 615 619 622 623 624 625 627 629 631 632 633 634 635 637 639 640 641 643 645 646 647 648 649 650 651 653 654 655 658 664 665 671
53 573 576 577 580 581 583 584 585 588 591 595 597 601 602 604 605 606 612 613 614 618 619 620 622 623 625 626 630 631 634 636 637 638 639 640 641 642 644 645 651 652 654 655 656 658 659 662 663 665 666 667 669 670
53 572 575 578 582 583 584 585 587 590 591 592 593 594 595 596 598 599 600 601 604 606 608 610 611 612 613 621 623 624 626 628 631 633 642 643 644 646 647 649 650 653 654 655 656 657 659 661 662 663 664 667 668 669
43 576 577 578 582 585 589 591 598 600 601 603 604 605 608 612 614 616 618 619 624 625 626 627 629 631 633 634 635 639 647 648 649 650 658 659 661 663 664 665 666 669 670 671
49 574 575 578 581 584 586 587 589 593 595 597 598 601 602 603 604 606 608 609 612 614 617 618 620 621 623 625 629 632 633 634 636 637 638 639 640 641 642 646 648 650 652 654 658 660 667 668 669 670
49 573 576 577 581 583 588 592 593 594 595 598 604 606 607 609 610 611 613 615 616 617 618 619 620 622 623 626 630 631 634 636 637 639 641 644 648 649 650 651 652 655 656 657 664 666 668 669 670 671
52 573 575 577 579 580 582 583 585 587 590 591 592 593 594 595 596 598 599 600 601 602 604 605 606 612 617 620 621 625 629 631 632 633 637 639 640 642 643 644 645 646 647 649 652 653 655 659 663 665 666 670 671
50 573 574 575 579 581 582 583 584 585 588 592 593 595 596 597 599 605 612 613 615 616 617 619 623 625 626 627 628 630 634 641 642 643 644 645 647 648 649 650 651 653 656 658 659 660 661 664 665 666 671
56 573 575 576 579 580 582 584 585 586 589 590 593 595 598 600 601 603 604 606 611 612 613 614 616 617 618 619 620 621 623 624 627 629 632 633 634 635 636 640 641 644 645 648 650 651 652 656 657 659 660 662 664 665 666 670 671
48 575 576 578 580 581 582 583 584 585 588 589 590 591 593 594 595 596 598 599 603 608 611 612 613 619 620 621 623 625 629 630 635 636 637 638 639 646 647 648 651 652 657 659 662 663 664 667 670
51 572 575 576 578 579 581 583 585 586 590 591 592 593 594 595 596 599 601 604 605 607 608 609 610 613 615 620 625 628 629 630 631 632 633 634 637 646 648 649 651 652 654 656 658 659 661 663 666 668 669 670
42 572 573 577 582 583 591 592 593 595 596 600 602 604 605 609 610 611 613 619 620 621 628 629 632 633 637 640 642 644 645 648 650 651 653 654 656 657 659 664 665 666 668
55 572 573 574 577 578 579 582 583 585 587 588 596 597 598 601 604 606 607 609 610 612 613 614 615 618 622 625 626 628 630 631 633 634 635 637 638 641 642 645 647 648 649 651 653 657 658 659 661 662 663 664 666 667 670 671
46 572 573 581 584 585 587 588 590 591 594 595 598 599 604 607 609 614 615 616 619 624 625 628 629 631 633 635 638 641 644 645 646 647 652 654 655 658 659 661 663 664 666 667 668 669 670
46 572 577 578 586 587 591 593 596 599 600 602 603 605 607 608 609 611 617 618 619 622 626 628 630 632 633 635 636 637 638 640 643 645 646 647 649 651 652 653 654 656 663 664 665 669 670
49 573 576 577 579 580 582 583 585 587 588 589 591 594 597 598 600 601 602 607 609 610 612 613 614 616 617 618 620 623 624 625 629 633 635 637 640 641 644 650 654 655 661 662 663 665 667 668 670 671
55 572 573 574 577 580 582 584 586 587 589 596 597 598 599 602 603 604 606 607 608 609 613 614 615 616 617 618 619 624 626 627 628 630 631 633 634 638 640 641 642 647 649 651 652 653 654 657 659 661 665 666 668 669 670 671
57 572 575 578 581 582 583 585 586 588 589 592 594 595 596 597 599 601 603 604 605 610 611 612 613 616 617 618 622 623 625 626 627 628 630 631 632 633 634 635 637 639 640 641 643 645 646 647 648 651 654 657 658 659 661 667 669 671
57 572 573 574 575 576 577 581 583 586 587 588 589 590 591 594 595 599 600 601 605 608 610 612 613 614 618 619 620 623 624 626 627 633 634 639 640 642 643 645 647 648 649 650 651 652 654 655 656 657 658 659 661 663 664 666 668 671
50 573 574 579 580 584 585 587 589 590 595 597 598 601 604 605 606 608 609 611 614 616 617 621 623 624 629 630 632 633 635 637 638 639 640 641 642 643 644 646 648 650 652 656 657 659 661 662 663 664 665
49 572 573 574 576 577 578 580 582 588 593 598 600 606 607 610 611 612 614 615 617 620 622 623 625 626 629 630 632 633 634 635 638 639 645 647 649 650 651 652 653 655 656 658 661 663 664 665 667 668
39 576 577 579 581 585 586 587 588 591 594 595 597 599 603 612 614 615 616 618 620 621 626 631 632 635 638 639 641 642 644 645 648 649 651 653 656 657 658 662
48 573 574 575 581 583 584 585 587 588 589 593 599 600 601 602 603 606 607 608 613 616 618 619 621 623 624 627 630 631 634 639 640 642 643 645 646 647 653 655 656 657 658 659 660 661 666 667 668
46 573 574 575 579 580 582 588 589 591 592 597 598 600 601 603 607 609 610 611 612 613 614 615 618 623 624 625 626 628 629 633 636 637 639 644 645 646 647 648 658 659 663 666 667 668 671
45 580 582 584 585 588 591 592 594 595 597 600 601 605 606 608 611 613 614 615 616 617 619 620 622 624 627 628 630 632 636 639 640 643 644 647 648 652 655 656 659 660 662 663 670 671
45 574 580 581 583 585 588 590 595 599 601 602 605 607 612 614 619 621 624 625 628 631 633 634 637 638 641 642 643 647 648 649 652 653 655 656 657 658 661 662 663 665 667 669 670 671
51 572 574 577 578 579 580 582 583 585 586 588 589 594 595 596 601 602 604 605 607 609 610 611 613 614 616 617 619 622 626 627 628 629 632 634 635 637 641 649 651 652 655 657 661 662 663 664 665 666 668 670
48 575 576 578 583 584 585 588 591 593 595 596 598 603 605 606 607 608 611 612 615 616 617 618 619 621 622 624 629 630 635 637 641 642 644 646 648 649 650 651 652 653 655 656 657 658 661 664 668
43 572 578 583 591 594 597 600 601 602 605 607 609 610 611 612 613 614 617 619 620 622 623 625 629 631 633 634 636 637 638 639 640 642 645 648 649 652 654 658 660 664 670 671
48 573 575 577 578 579 581 583 584 585 588 591 593 600 604 606 608 609 611 612 615 616 617 619 620 623 627 631 633 637 638 639 642 644 645 647 650 652 656 657 658 659 660 664 665 667 669 670 671
49 572 573 576 578 582 586 588 589 590 591 592 595 597 598 600 602 604 605 610 611 615 616 617 618 619 620 623 626 627 630 633 635 638 641 643 644 647 650 653 655 656 658 659 660 663 664 665 666 668
45 572 575 576 577 578 579 582 583 587 588 590 591 598 602 604 609 612 613 618 619 622 623 624 625 631 632 633 634 636 639 642 644 646 649 652 654 658 659 660 662 663 665 667 669 671
49 573 574 576 580 592 594 595 598 599 600 601 602 603 604 605 606 610 611 612 618 621 623 624 626 627 630 631 634 635 636 637 638 641 644 647 649 650 651 652 653 654 657 660 664 665 668 669 670 671
46 573 574 575 576 578 583 585 587 589 590 591 596 597 601 603 608 613 616 619 620 623 626 627 630 633 634 635 636 637 638 642 643 645 647 648 649 651 653 655 658 659 660 663 667 669 671
43 573 575 578 579 583 584 589 595 599 600 601 605 606 610 612 621 623 625 626 630 633 635 636 638 640 643 648 649 650 651 652 653 654 655 656 660 662 663 665 667 668 670 671
44 574 575 576 578 580 581 584 585 587 590 592 593 594 600 603 605 607 612 613 615 618 620 624 629 632 633 635 636 640 641 647 648 649 650 653 655 657 661 664 665 666 668 669 671
49 573 574 575 578 581 582 585 587 589 592 593 597 600 602 603 605 606 609 611 612 613 615 619 623 625 626 627 628 630 632 634 635 636 637 640 642 645 646 650 655 658 659 660 661 662 668 669 670 671
49 575 577 580 581 587 589 591 592 593 595 596 597 599 600 601 603 609 610 611 612 613 614 616 618 619 620 621 624 628 630 632 634 638 639 640 642 646 647 649 655 656 657 659 660 662 663 666 667 671
41 573 575 580 585 588 592 593 595 596 597 599 603 604 605 606 609 611 613 616 622 623 624 625 629 631 633 634 638 641 642 644 649 650 653 655 658 661 664 665 668 670
39 577 581 583 587 589 590 595 599 604 605 607 609 610 611 612 613 617 619 620 625 627 633 634 635 636 639 642 643 644 647 648 653 657 658 659 661 662 664 671
60 572 573 574 575 576 577 581 583 584 585 586 588 590 593 595 597 599 602 604 606 607 610 611 612 614 615 617 619 620 621 622 625 626 627 631 632 635 636 637 638 639 640 641 643 646 648 649 653 654 656 657 658 660 663 664 666 667 668 669 671
48 572 573 574 579 581 582 583 591 594 598 600 601 603 605 606 612 613 614 619 620 622 623 624 625 627 631 633 634 636 642 644 645 646 649 650 653 654 655 657 658 659 661 662 663 666 667 668 671
50 572 575 577 579 580 583 586 587 588 590 593 594 597 599 602 603 604 605 607 608 609 612 614 619 621 624 626 628 632 637 640 641 642 643 644 646 648 652 653 656 657 658 659 660 662 663 665 666 668 669
59 573 574 576 577 578 579 582 583 585 587 590 592 593 595 597 602 603 604 606 607 609 610 611 612 613 614 615 616 617 618 620 621 622 623 624 625 626 629 631 635 636 637 639 640 642 643 645 652 654 655 656 658 660 663 664 665 668 669 670
54 573 575 577 578 579 581 583 584 585 588 590 592 596 597 599 600 602 605 608 611 613 614 615 617 618 619 620 622 623 626 628 629 630 631 632 633 634 635 637 642 644 646 647 650 652 656 657 658 659 660 663 665 667 671
53 572 573 574 575 577 578 579 580 581 586 587 588 589 592 593 597 598 600 607 609 610 611 612 615 617 618 620 621 622 623 625 626 628 631 632 634 635 639 640 644 645 646 648 649 650 651 653 656 663 664 665 667 671
57 572 573 574 576 577 578 579 580 587 591 593 594 596 598 599 600 603 605 606 607 616 617 618 619 620 622 623 626 627 628 629 631 632 633 636 637 639 640 642 643 644 646 649 650 652 654 655 656 657 659 660 661 663 665 666 669 671
56 574 576 579 581 582 583 584 585 586 588 592 594 596 597 602 603 604 605 606 607 608 609 612 613 615 616 617 619 621 624 628 629 632 634 635 636 639 640 641 643 644 645 646 647 649 650 652 656 658 659 660 661 662 665 667 671
60 572 574 575 578 579 581 582 583 584 586 587 588 590 592 595 597 598 600 601 602 603 606 607 610 611 613 616 619 620 621 622 624 625 626 627 631 633 635 636 637 639 640 641 642 644 645 647 648 649 650 651 652 656 661 662 664 665 668 669 670
48 574 575 576 577 578 579 580 581 587 588 589 590 593 597 599 604 607 608 609 612 613 614 618 619 620 621 622 623 627 628 631 634 635 639 640 642 643 644 646 647 651 653 659 662 663 664 668 670
42 572 573 577 585 589 590 593 594 595 596 597 598 600 602 603 605 607 609 611 614 618 621 624 627 629 630 631 639 641 642 644 645 646 647 648 652 655 660 662 664 667 670
47 573 577 578 579 585 586 587 589 594 596 600 602 606 607 608 611 613 614 615 617 619 621 622 623 624 626 628 630 633 635 637 639 640 642 643 644 652 654 655 656 659 660 662 663 664 666 667
45 574 576 580 582 585 588 589 593 595 596 597 600 601 603 604 605 606 609 612 614 618 621 622 623 624 630 633 635 637 639 641 642 643 646 648 649 653 656 661 662 665 667 669 670 671
49 575 577 578 579 582 583 584 586 587 588 589 593 595 600 601 603 612 613 614 615 617 620 624 625 629 630 631 632 635 636 639 640 642 643 646 648 650 651 654 655 656 658 659 661 662 663 666 670 671
43 572 575 576 582 585 586 589 593 594 596 597 599 601 603 604 607 609 610 611 612 616 617 624 626 631 634 635 637 640 643 645 649 654 656 657 658 659 663 664 665 666 669 671
54 573 575 577 578 581 583 584 585 586 587 589 594 596 597 598 602 603 604 605 607 610 613 614 616 618 621 622 626 628 630 631 636 638 641 642 643 647 648 651 652 653 654 656 657 659 660 663 664 665 666 667 668 670 671
50 576 577 579 581 591 592 594 595 596 597 601 602 603 604 606 607 609 610 611 612 613 617 619 620 621 622 624 625 627 628 629 633 637 641 643 644 645 646 647 649 650 652 653 655 657 659 662 664 667 668
50 574 575 576 581 585 586 592 593 594 595 596 597 600 601 603 607 609 610 611 613 615 616 617 618 619 620 621 624 625 626 627 629 632 636 638 641 642 643 644 645 650 651 652 653 655 656 662 665 668 670
47 574 575 576 577 579 580 585 586 587 588 589 592 593 595 598 599 600 604 605 607 608 609 610 614 618 619 621 622 623 625 626 629 636 637 640 643 644 647 650 651 652 654 656 660 664 667 669
46 572 573 574 575 576 577 583 585 586 589 591 592 593 594 595 596 598 600 604 607 608 609 610 614 615 616 621 630 635 637 638 640 642 643 644 645 647 648 651 652 656 662 665 668 669 670
52 575 576 580 582 583 585 586 587 589 590 591 592 594 595 596 597 598 602 603 606 608 610 612 613 614 621 623 624 625 626 627 630 633 634 635 637 638 639 640 643 645 648 651 652 653 656 658 659 664 666 668 669
51 575 578 579 582 583 585 586 587 588 590 593 597 598 599 606 607 611 614 616 618 619 621 623 624 625 626 627 628 629 630 631 634 635 638 639 640 645 647 650 652 654 656 657 658 659 660 663 664 665 670 671
54 572 574 575 579 580 581 582 585 587 591 592 593 595 596 599 600 601 604 605 607 608 610 611 612 616 618 620 621 625 629 630 631 635 637 638 640 642 644 645 647 649 650 652 655 657 658 659 662 663 666 667 668 670 671
44 572 575 576 579 581 583 585 586 587 593 594 597 600 601 604 605 606 607 612 613 617 618 619 621 624 627 628 633 635 637 641 643 645 647 651 653 654 656 659 660 661 664 665 667
46 573 576 577 578 584 585 590 591 594 595 599 601 604 608 610 614 615 618 619 622 623 628 630 631 632 635 636 637 638 640 642 646 647 648 650 653 654 655 656 657 659 661 663 667 668 670
15 1 676 679 680 685 686 687 689 692 697 699 707 708 709 710
8 677 680 696 698 700 701 708 710
7 680 693 696 699 704 706 711
6 678 681 683 696 699 706
11 672 682 684 687 690 698 700 702 703 705 706
8 673 683 692 693 696 699 705 709
10 675 691 692 696 698 702 703 704 705 709
9 672 691 692 696 697 704 705 707 709
15 672 673 674 683 684 685 689 693 698 701 705 708 709 710 711
12 675 682 683 685 686 688 697 698 699 700 705 706
8 676 681 688 689 693 695 697 701
14 675 677 680 681 686 689 691 692 696 700 704 705 710 711
9 676 680 686 687 695 697 698 701 705
11 672 680 681 688 689 695 696 701 702 708 711
9 672 681 683 684 694 697 699 705 711
6 672 676 684 690 693 698
9 681 682 685 689 690 693 696 701 707
11 672 680 682 683 685 688 693 697 700 710 711
9 676 687 688 692 693 697 704 705 711
8 678 679 683 693 698 701 708 709
10 672 677 678 679 683 690 693 699 705 709
13 674 677 680 682 687 688 689 690 691 692 695 703 710
6 686 703 704 705 709 711
8 682 684 685 693 704 706 707 708
10 673 674 675 677 678 679 683 685 688 711
11 672 679 681 682 684 686 689 690 701 704 709
11 673 676 678 680 681 684 687 691 699 704 705
11 672 674 675 677 681 686 692 698 701 704 709
10 673 676 681 683 689 701 704 707 709 710
14 673 680 682 684 685 688 691 697 699 700 704 706 707 711
4 676 678 685 703
5 676 678 693 694 702
13 674 678 679 683 690 694 695 697 698 699 700 701 706
16 676 677 678 679 680 681 683 684 686 690 692 694 698 706 709 710
10 674 675 676 681 695 701 704 705 707 710
9 672 679 688 695 700 701 706 709 711
8 672 673 680 685 691 695 709 711
14 672 677 678 679 680 691 692 694 697 699 700 705 707 708
10 672 673 680 683 689 693 700 705 706 711
13 674 680 683 685 686 689 690 694 696 701 707 708 710
5 1 713 795 799 811
3 712 714 742
3 713 715 787
3 714 716 804
4 715 717 725 781
3 716 718 780
3 717 719 800
5 718 720 748 789 801
4 719 721 765 770
3 720 722 801
3 721 723 799
3 722 724 761
3 723 725 771
4 716 724 726 746
2 725 727
2 726 728
3 727 729 743
2 728 730
2 729 731
2 730 732
3 731 733 776
3 732 734 747
4 733 735 757 803
3 734 736 787
3 735 737 786
2 736 738
2 737 739
6 738 740 755 761 798 799
3 739 741 771
3 740 742 797
3 713 741 743
3 728 742 744
3 743 745 751
2 744 746
4 725 745 747 790
3 733 746 748
3 719 747 749
3 748 750 806
2 749 751
4 744 750 752 798
3 751 753 779
3 752 754 802
3 753 755 809
3 739 754 756
3 755 757 787
3 734 756 758
3 757 759 789
2 758 760
2 759 761
4 723 739 760 762
2 761 763
2 762 764
3 763 765 774
3 720 764 766
2 765 767
3 766 768 783
4 767 769 780 791
4 768 770 774 808
3 720 769 771
4 724 740 770 772
2 771 773
3 772 774 797
4 764 769 773 775
3 774 776 783
3 732 775 777
2 776 778
3 777 779 781
4 752 778 780 784
4 717 768 779 781
4 716 778 780 782
2 781 783
4 767 775 782 784
3 779 783 785
2 784 786
3 736 785 787
6 714 735 756 786 788 798
3 787 789 804
4 719 758 788 790
3 746 789 791
4 768 790 792 805
3 791 793 809
3 792 794 803
3 793 795 808
3 712 794 796
2 795 797
4 741 773 796 798
5 739 751 787 797 799
5 712 722 739 798 800
3 718 799 801
4 719 721 800 802
3 753 801 803
4 734 793 802 804
4 715 788 803 805
3 791 804 806
3 749 805 807
2 806 808
4 769 794 807 809
4 754 792 808 810
2 809 811
2 712 810
5 1 813 840 857 862
4 812 853 858 908
4 815 840 899 903
4 814 841 868 883
4 817 830 861 909
4 816 822 896 901
4 819 836 858 910
4 818 836 867 894
4 821 835 862 867
4 820 831 875 902
4 817 823 879 893
4 822 864 865 882
4 825 837 869 884
4 824 832 854 885
4 827 829 835 869
4 826 847 855 898
4 829 853 858 890
4 826 828 873 894
4 816 845 851 897
4 821 832 881 894
4 825 831 848 872
4 834 846 882 893
4 833 872 873 895
4 820 826 866 886
4 818 819 847 889
4 824 838 895 900
4 837 839 872 875
4 838 845 874 908
4 812 814 842 846
4 815 842 847 903
4 840 841 881 904
4 844 852 882 907
4 843 878 884 892
4 830 839 846 882
4 833 840 845 860
4 827 836 841 861
4 832 849 879 880
4 848 857 867 897
4 851 854 860 868
4 830 850 898 899
4 843 853 856 906
4 813 828 852 873
4 825 850 870 897
4 827 856 861 898
4 852 855 863 871
4 812 849 858 910
4 813 818 828 857
4 860 877 881 893
4 846 850 859 876
4 816 847 855 902
4 812 820 880 896
4 856 864 874 911
4 823 863 901 903
4 823 866 900 911
4 835 865 886 890
4 819 820 849 871
4 815 850 903 906
4 824 826 889 896
4 854 891 895 908
4 856 867 888 911
4 832 834 838 874
4 829 834 853 905
4 839 863 872 904
4 821 838 877 878
4 860 877 883 891
4 859 875 876 891
4 844 875 888 904
4 822 848 880 889
4 848 862 879 887
4 831 842 859 909
4 823 833 843 845
4 815 876 884 900
4 824 844 883 886
4 825 892 893 897
4 835 866 884 894
4 880 888 895 907
4 871 878 887 898
4 836 869 879 909
4 828 866 891 899
4 870 876 877 890
4 844 885 907 908
4 822 833 859 885
4 819 829 831 886
4 834 837 870 887
4 817 862 869 906
4 830 849 854 885
4 827 851 855 888
4 814 851 890 906
4 837 865 883 901
4 817 864 900 902
4 821 861 901 905
4 814 841 864 868
4 842 874 878 905
4 873 902 904 910
4 852 868 896 899
4 843 887 892 909
4 813 839 870 892
4 816 881 889 907
4 818 857 905 911
4 863 865 871 910
20 913 914 915 916 917 918 919 924 926 927 928 929 953 960 970 988 995 1004 1010 1011
10 912 916 920 941 949 950 968 982 983 1004
16 912 916 917 920 921 925 929 933 935 936 940 944 949 954 955 980
11 912 918 922 923 927 931 958 967 972 973 995
41 912 913 914 917 918 919 920 921 922 923 925 926 927 929 933 935 936 940 941 943 944 947 948 954 956 957 960 961 964 968 972 974 975 982 983 987 994 996 1008 1009 1011
4 912 914 916 919
8 912 915 916 928 942 955 984 1001
8 912 916 917 923 940 978 981 1003
17 913 914 916 921 922 924 925 935 938 939 942 955 961 979 980 990 991
12 914 916 920 924 930 932 934 959 963 966 977 1006
7 915 916 920 931 963 975 981
10 915 916 919 926 934 937 953 959 968 985
9 912 920 921 932 947 970 984 986 1007
13 914 916 920 930 936 938 943 948 952 962 972 980 996
11 912 916 923 928 932 937 941 942 973 998 1000
6 912 915 916 984 991 992
12 912 918 926 931 933 938 943 947 962 967 971 982
5 912 914 916 930 1003
8 921 925 929 934 939 965 966 1009
5 915 922 928 950 981
7 921 924 926 945 952 953 974
4 914 916 928 946
5 921 923 930 945 956
9 914 916 920 939 960 961 965 979 1003
13 914 916 925 937 946 956 959 962 967 970 978 1009 1010
3 923 926 936
7 920 925 928 945 951 985 997
3 920 930 935
5 914 916 919 975 1001
13 913 916 926 946 948 949 951 966 976 986 989 1005 1008
6 918 920 926 944 950 1006
4 916 925 928 971
5 914 916 942 987 1000
5 932 934 938 952 976
5 933 936 941 965 993
6 916 924 928 983 989 993
4 916 925 941 969
9 913 914 941 951 957 964 969 988 1005
5 913 931 942 973 997
3 938 941 949
8 925 932 945 957 958 994 996 1007
4 912 923 932 954
5 914 916 953 963 964
8 914 918 920 971 988 998 1002 1005
7 916 934 936 958 979 986 994
4 916 949 952 1001
3 915 952 956
5 921 923 936 989 997
4 912 916 935 969
4 916 920 935 990
4 925 928 936 991
5 921 922 954 985 1002
3 916 949 954
4 930 935 946 990
5 921 930 941 992 1010
3 915 928 936
4 913 916 923 999
3 948 949 960
4 912 924 936 977
4 928 943 955 978
3 915 916 925
4 915 926 950 974
4 916 932 973 976
3 916 922 940
4 941 945 974 977
4 921 970 976 995
5 919 936 971 999 1000
3 920 935 956
4 914 920 925 1011
6 919 922 931 987 993 1004
3 913 916 928
4 913 916 947 1002
3 918 924 927
3 923 938 963
4 924 941 956 999
4 916 944 981 992
4 912 949 955 1007
3 941 947 959
3 920 961 965
3 920 927 962
4 927 966 987 1008
4 946 947 981 998
3 916 952 956
3 912 915 977
3 916 925 952
3 938 950 959
3 926 955 993
3 968 978 986
4 926 944 978 1006
3 918 940 957
3 955 963 983
3 919 929 935
3 912 913 981
3 941 949 955
3 921 942 1000
3 924 952 988
3 916 941 992
3 916 930 936
3 912 936 966
3 912 916 980
24 1014 1015 1016 1026 1028 1029 1030 1036 1041 1042 1043 1049 1050 1053 1063 1071 1079 1080 1083 1089 1092 1094 1104 1107
5 1014 1017 1022 1064 1084
23 1012 1013 1015 1017 1018 1019 1020 1021 1022 1025 1027 1031 1034 1037 1039 1055 1058 1059 1069 1070 1083 1096 1098
14 1012 1014 1016 1019 1026 1029 1030 1033 1035 1038 1040 1077 1100 1105
5 1012 1015 1028 1041 1100
11 1013 1014 1018 1020 1034 1056 1064 1084 1085 1106 1109
9 1014 1017 1025 1033 1061 1065 1067 1078 1098
2 1014 1015
10 1014 1017 1021 1023 1024 1027 1045 1085 1086 1090
8 1014 1020 1023 1024 1044 1046 1055 1069
3 1013 1014 1031
13 1020 1021 1032 1038 1044 1045 1047 1051 1052 1054 1057 1076 1101
10 1020 1021 1046 1047 1052 1060 1066 1077 1094 1105
3 1014 1018 1059
7 1012 1015 1035 1036 1068 1074 1092
2 1014 1020
8 1012 1016 1037 1071 1072 1073 1099 1104
3 1012 1015 1063
9 1012 1015 1032 1042 1048 1050 1062 1076 1078
2 1014 1022
3 1023 1030 1048
2 1015 1018
3 1014 1017 1106
3 1015 1026 1040
8 1012 1026 1039 1049 1061 1068 1074 1075
5 1014 1028 1072 1097 1099
4 1015 1023 1051 1087
3 1014 1036 1058
2 1015 1035
4 1012 1016 1082 1087
4 1012 1030 1043 1062
4 1012 1042 1080 1102
2 1021 1023
5 1020 1023 1056 1057 1090
2 1021 1024
3 1023 1024 1054
2 1030 1032
5 1012 1036 1053 1060 1097
2 1012 1030
4 1023 1038 1093 1101
2 1023 1024
2 1012 1049
2 1023 1047
6 1014 1021 1070 1103 1108 1109
2 1017 1045
2 1023 1045
3 1014 1039 1110
5 1014 1025 1075 1086 1107
3 1024 1049 1091
3 1018 1036 1065
2 1030 1042
4 1012 1029 1066 1110
4 1013 1017 1079 1088
4 1018 1061 1067 1081
3 1024 1063 1089
2 1018 1065
2 1026 1036
2 1014 1021
3 1014 1055 1103
4 1012 1028 1073 1091
4 1028 1037 1081 1082
2 1028 1071
2 1026 1036
2 1036 1059
2 1023 1030
2 1015 1024
2 1018 1030
3 1012 1064 1088
2 1012 1043
3 1065 1072 1093
2 1041 1072
2 1012 1014
3 1013 1017 1096
2 1017 1020
2 1020 1059
2 1038 1041
2 1064 1079
2 1012 1066
2 1020 1045
5 1060 1071 1095 1102 1111
2 1012 1026
3 1051 1081 1095
2 1012 1024
3 1091 1093 1111
2 1014 1084
2 1037 1049
2 1014 1018
2 1028 1037
2 1015 1016
2 1023 1051
2 1043 1091
3 1055 1070 1108
2 1012 1028
2 1015 1024
2 1017 1034
2 1012 1059
2 1055 1103
2 1017 1055
2 1058 1063
2 1091 1095
33 1113 1114 1115 1116 1117 1118 1120 1121 1122 1123 1124 1126 1127 1129 1132 1133 1136 1137 1139 1143 1148 1149 1154 1165 1167 1168 1174 1175 1183 1187 1195 1196 1202
9 1112 1135 1140 1142 1147 1152 1153 1189 1209
6 1112 1119 1125 1134 1142 1155
8 1112 1119 1125 1135 1140 1153 1155 1169
11 1112 1119 1134 1135 1142 1155 1169 1170 1178 1203 1208
10 1112 1119 1125 1134 1135 1152 1169 1203 1205 1209
4 1112 1119 1142 1155
19 1114 1115 1116 1117 1118 1121 1128 1130 1141 1144 1146 1149 1154 1158 1160 1166 1171 1183 1199
3 1112 1135 1142
4 1112 1119 1135 1152
8 1112 1135 1140 1147 1152 1153 1189 1209
1 1112
6 1112 1135 1140 1152 1153 1209
17 1114 1115 1117 1128 1131 1137 1138 1149 1158 1160 1162 1166 1185 1187 1188 1193 1201
1 1112
2 1112 1142
2 1119 1125
5 1112 1135 1152 1153 1209
3 1119 1155 1178
1 1125
2 1112 1135
3 1112 1135 1153
11 1114 1116 1117 1137 1138 1149 1154 1156 1171 1185 1187
37 1113 1115 1116 1117 1120 1121 1122 1124 1129 1132 1133 1136 1137 1143 1145 1148 1150 1151 1154 1157 1159 1161 1163 1164 1166 1173 1176 1177 1179 1180 1182 1186 1194 1196 1204 1206 1211
8 1112 1135 1140 1152 1153 1169 1170 1209
10 1112 1125 1134 1135 1140 1142 1169 1170 1203 1208
2 1125 1134
2 1112 1142
6 1113 1115 1122 1124 1136 1137
3 1119 1155 1178
19 1113 1114 1116 1118 1120 1127 1137 1139 1144 1148 1149 1151 1154 1171 1175 1181 1194 1197 1198
4 1112 1135 1152 1153
2 1119 1142
5 1135 1152 1153 1169 1203
1 1119
2 1113 1122
7 1112 1135 1142 1152 1169 1170 1200
5 1112 1119 1125 1134 1142
4 1135 1169 1170 1208
6 1135 1142 1153 1169 1203 1205
17 1113 1117 1121 1122 1124 1129 1136 1143 1145 1148 1159 1165 1179 1181 1190 1196 1207
21 1113 1115 1122 1124 1129 1133 1136 1143 1145 1151 1159 1161 1164 1165 1166 1172 1184 1190 1192 1194 1210
5 1112 1119 1134 1135 1142
7 1114 1115 1116 1118 1130 1141 1183
1 1134
1 1135
2 1119 1125
7 1135 1152 1153 1169 1203 1205 1209
2 1119 1125
5 1135 1153 1169 1170 1208
1 1125
2 1135 1169
4 1135 1153 1169 1170
4 1112 1152 1153 1209
4 1119 1125 1135 1153
1 1112
1 1112
16 1115 1116 1117 1136 1137 1145 1148 1150 1151 1159 1161 1163 1164 1180 1191 1194
12 1116 1136 1137 1148 1150 1161 1164 1171 1180 1183 1190 1198
5 1119 1134 1142 1170 1200
1 1153
1 1135
1 1112
2 1112 1142
1 1135
1 1135
3 1116 1130 1141
2 1135 1152
7 1135 1169 1170 1200 1203 1205 1208
3 1142 1152 1209
1 1135
5 1112 1119 1155 1170 1208
1 1153
2 1125 1134
1 1135
3 1112 1125 1134
1 1125
2 1113 1122
4 1152 1153 1170 1209
2 1169 1203
1 1153
1 1125
4 1135 1142 1153 1169
1 1112
4 1112 1135 1152 1209
1 1142
3 1142 1170 1200
1 1119
4 1148 1171 1180 1198
1 1125
1 1112
8 1116 1117 1137 1145 1151 1159 1180 1191
1 1135
4 1117 1151 1159 1180
1 1135
2 1152 1209
6 1116 1137 1150 1161 1180 1183
12 1113 1117 1122 1124 1129 1136 1159 1165 1181 1190 1196 1207
1 1153
1 1135
2 1 1291
3 1227 1256 1298
4 1245 1257 1265 1281
6 1222 1231 1249 1262 1300 1308
3 1224 1235 1266
6 1255 1276 1280 1283 1295 1311
0
2 1250 1252
0
3 1214 1218 1282
0
0
1 1296
1 1308
0
0
3 1223 1234 1271
1 1255
3 1221 1254 1303
2 1257 1298
6 1219 1228 1233 1243 1245 1298
3 1256 1278 1297
3 1248 1303 1307
4 1245 1260 1273 1306
0
1 1290
9 1214 1246 1275 1278 1281 1285 1292 1304 1309
14 1215 1220 1228 1238 1241 1245 1253 1262 1266 1286 1290 1294 1296 1303
1 1309
1 1239
7 1229 1240 1246 1260 1276 1292 1301
0
4 1230 1234 1241 1242
0
11 1224 1227 1229 1240 1248 1268 1269 1271 1295 1299 1300
0
0
0
0
3 1229 1239 1305
23 1212 1220 1226 1227 1229 1232 1242 1247 1250 1254 1255 1256 1261 1262 1266 1274 1282 1284 1289 1291 1294 1297 1302
0
1 1273
1 1302
13 1225 1228 1251 1252 1261 1278 1279 1280 1288 1290 1304 1308 1310
12 1213 1223 1241 1248 1251 1252 1261 1264 1270 1284 1293 1309
2 1226 1234
7 1247 1257 1258 1268 1274 1288 1311
0
7 1226 1236 1268 1270 1283 1304 1308
2 1232 1277
0
8 1215 1217 1220 1235 1236 1247 1255 1272
8 1212 1224 1246 1257 1260 1282 1300 1306
6 1217 1228 1248 1273 1274 1279
6 1238 1269 1279 1287 1297 1306
4 1221 1233 1272 1307
1 1241
11 1213 1219 1232 1233 1237 1258 1272 1276 1287 1289 1295
4 1270 1286 1296 1306
8 1215 1216 1225 1242 1243 1281 1283 1294
13 1216 1222 1224 1225 1231 1243 1249 1263 1265 1287 1292 1295 1310
8 1232 1240 1244 1250 1254 1264 1293 1311
5 1267 1283 1287 1291 1301
6 1213 1227 1239 1253 1280 1285
0
0
1 1214
1 1301
0
2 1238 1272
0
10 1219 1222 1231 1249 1258 1267 1273 1286 1303 1309
5 1213 1222 1251 1260 1293
1 1233
4 1223 1240 1285 1305
2 1259 1293
7 1212 1219 1244 1302 1304 1310 1311
28 1214 1216 1218 1221 1223 1235 1237 1239 1242 1243 1250 1253 1259 1261 1263 1267 1268 1269 1271 1278 1281 1285 1294 1296 1299 1300 1301 1305
0
0
0
29 1217 1221 1225 1230 1235 1236 1237 1247 1251 1253 1256 1258 1259 1263 1265 1267 1271 1275 1277 1286 1288 1289 1290 1291 1292 1297 1302 1305 1310
0
3 1220 1236 1275
0
0
1 1269
1 1275
1 1262
1 1230
0
4 1263 1264 1299 1307
1 1244
1 1249
8 1218 1238 1244 1264 1266 1282 1284 1298
0
0
5 1230 1234 1246 1252 1299
2 1218 1307
8 1315 1316 1320 1326 1330 1333 1340 1348
10 1319 1330 1333 1334 1336 1338 1340 1341 1349 1351
11 1315 1323 1327 1331 1333 1336 1342 1343 1344 1345 1350
10 1312 1314 1319 1320 1326 1330 1337 1344 1346 1351
13 1312 1318 1326 1328 1330 1333 1334 1335 1336 1339 1341 1345 1349
11 1320 1327 1329 1334 1336 1337 1340 1341 1342 1344 1350
7 1316 1326 1330 1334 1340 1342 1348
11 1313 1315 1322 1327 1329 1330 1331 1338 1347 1349 1350
15 1312 1315 1317 1323 1325 1326 1331 1332 1334 1335 1340 1341 1343 1347 1351
5 1327 1328 1337 1339 1342
8 1319 1327 1328 1340 1343 1346 1347 1351
6 1314 1320 1324 1333 1334 1351
8 1323 1325 1327 1329 1330 1332 1334 1335
5 1320 1324 1336 1341 1348
11 1312 1315 1316 1318 1320 1327 1336 1337 1341 1342 1347
14 1314 1317 1319 1321 1322 1324 1326 1330 1332 1333 1335 1336 1349 1350
13 1316 1321 1322 1330 1332 1333 1337 1338 1341 1342 1348 1349 1350
8 1317 1319 1324 1333 1334 1337 1344 1351
13 1312 1313 1315 1316 1318 1319 1324 1327 1328 1338 1339 1340 1349
9 1314 1319 1320 1334 1340 1341 1343 1349 1350
8 1320 1324 1327 1328 1334 1338 1346 1351
10 1312 1313 1314 1316 1323 1327 1328 1329 1338 1345
15 1313 1316 1317 1318 1320 1323 1324 1329 1331 1332 1337 1344 1346 1348 1350
13 1316 1320 1324 1327 1336 1337 1338 1339 1342 1344 1345 1346 1350
11 1313 1314 1316 1317 1325 1326 1327 1335 1338 1345 1348
10 1315 1317 1321 1326 1328 1329 1334 1335 1348 1350
15 1313 1319 1328 1330 1332 1333 1335 1336 1339 1340 1343 1345 1346 1347 1349
6 1316 1321 1330 1335 1338 1340
13 1312 1313 1317 1318 1320 1322 1330 1331 1338 1339 1346 1348 1349
12 1313 1316 1317 1320 1325 1326 1328 1331 1348 1349 1350 1351
7 1314 1317 1318 1321 1326 1328 1335
6 1314 1320 1322 1331 1338 1346
8 1314 1315 1317 1329 1334 1335 1349 1351
9 1314 1316 1333 1335 1336 1338 1346 1347 1351
10 1315 1322 1332 1334 1335 1338 1340 1343 1345 1350
6 1319 1320 1322 1326 1338 1345
9 1312 1318 1325 1328 1334 1336 1337 1340 1341
13 1313 1316 1319 1327 1328 1330 1331 1338 1340 1341 1344 1350 1351
12 1314 1317 1319 1327 1328 1331 1334 1335 1337 1341 1346 1349
11 1313 1315 1320 1322 1323 1329 1332 1341 1344 1345 1349
2 1 1368
1 1352
1 1352
1 1352
1 1352
1 1352
1 1352
1 1352
1 1352
2 1353 1354
2 1355 1356
4 1357 1358 1361 1365
6 1359 1360 1362 1363 1366 1367
0
0
0
2 1364 1369
1 1368
2 1 1389
1 1370
8 1371 1373 1374 1375 1376 1377 1378 1379
1 1370
1 1370
1 1370
1 1370
1 1370
1 1370
1 1370
1 1372
8 1380 1382 1383 1384 1385 1386 1387 1388
1 1372
1 1372
1 1372
1 1372
1 1372
1 1372
1 1372
2 1381 1390
1 1389
1 1